date,timechuo,open,high,low,close,vol
2018-07-19 20:02,1532001720,481.7,483.25,481.54,482.72,216.09051
2018-07-19 20:03,1532001780,482.19,483.09,482.18,482.82,73.47573
2018-07-19 20:04,1532001840,482.53,483.08,481.59,481.89,186.66733
2018-07-19 20:05,1532001900,481.9,481.99,480.4,480.4,160.26068
2018-07-19 20:06,1532001960,480.89,481.69,480.15,481.08,103.45494
2018-07-19 20:07,1532002020,481.04,481.08,480.58,480.96,59.9514
2018-07-19 20:08,1532002080,480.86,481.0,480.58,480.58,114.82086
2018-07-19 20:09,1532002140,480.7,480.7,480.24,480.62,184.78979
2018-07-19 20:10,1532002200,480.62,481.45,480.38,481.04,86.05924
2018-07-19 20:11,1532002260,481.2,481.73,481.04,481.24,18.13017
2018-07-19 20:12,1532002320,481.43,482.11,480.95,482.1,117.58104
2018-07-19 20:13,1532002380,481.99,482.14,481.7,481.75,70.57112
2018-07-19 20:14,1532002440,481.75,481.93,481.7,481.91,138.76181
2018-07-19 20:15,1532002500,481.76,482.18,481.76,481.78,40.31447
2018-07-19 20:16,1532002560,481.91,482.03,481.78,481.98,44.26435
2018-07-19 20:17,1532002620,481.98,481.99,481.13,481.32,52.63511
2018-07-19 20:18,1532002680,481.23,481.71,480.5,481.16,268.14904
2018-07-19 20:19,1532002740,481.16,481.95,481.05,481.07,127.95888
2018-07-19 20:20,1532002800,481.07,482.03,481.07,482.03,74.87674
2018-07-19 20:21,1532002860,482.03,482.3,481.73,481.93,39.10862
2018-07-19 20:22,1532002920,481.94,481.95,481.4,481.4,50.25381
2018-07-19 20:23,1532002980,481.5,481.96,481.5,481.72,67.49462
2018-07-19 20:24,1532003040,481.62,481.91,481.57,481.8,33.08749
2018-07-19 20:25,1532003100,481.79,481.96,481.76,481.94,43.95028
2018-07-19 20:26,1532003160,481.93,481.96,481.51,481.56,57.92146
2018-07-19 20:27,1532003220,481.56,481.78,480.91,480.99,87.95911
2018-07-19 20:28,1532003280,480.99,481.14,480.7,480.88,53.70084
2018-07-19 20:29,1532003340,480.9,481.26,480.77,481.2,29.85942
2018-07-19 20:30,1532003400,481.19,481.33,481.19,481.26,61.52127
2018-07-19 20:31,1532003460,481.27,481.3,481.07,481.07,61.79493
2018-07-19 20:32,1532003520,481.19,481.19,480.79,480.91,46.49588
2018-07-19 20:33,1532003580,480.92,480.94,480.15,480.57,57.90598
2018-07-19 20:34,1532003640,480.54,481.05,480.54,480.69,80.53096
2018-07-19 20:35,1532003700,480.63,481.01,480.16,480.16,73.0529
2018-07-19 20:36,1532003760,480.47,480.49,480.16,480.47,20.72749
2018-07-19 20:37,1532003820,480.45,480.54,480.16,480.48,54.02275
2018-07-19 20:38,1532003880,480.48,480.8,480.22,480.69,44.31531
2018-07-19 20:39,1532003940,480.68,481.58,480.64,481.14,171.154
2018-07-19 20:40,1532004000,481.27,481.88,481.27,481.64,50.68047
2018-07-19 20:41,1532004060,481.65,482.0,481.65,482.0,113.31942
2018-07-19 20:42,1532004120,482.05,482.68,481.98,482.68,168.14036
2018-07-19 20:43,1532004180,482.7,483.73,482.53,483.6,125.60335
2018-07-19 20:44,1532004240,483.38,483.8,483.07,483.48,153.33573
2018-07-19 20:45,1532004300,483.74,483.86,482.68,482.68,168.26397
2018-07-19 20:46,1532004360,482.68,483.68,482.02,482.23,103.78816
2018-07-19 20:47,1532004420,482.23,482.61,482.13,482.25,220.89971
2018-07-19 20:48,1532004480,482.24,482.27,482.02,482.02,242.27843
2018-07-19 20:49,1532004540,482.26,482.39,481.86,482.3,111.93776
2018-07-19 20:50,1532004600,482.29,482.32,481.27,481.27,199.65789
2018-07-19 20:51,1532004660,481.27,481.81,481.07,481.48,145.499
2018-07-19 20:52,1532004720,481.48,481.5,481.09,481.49,89.34363
2018-07-19 20:53,1532004780,481.48,482.63,481.34,481.67,203.4999
2018-07-19 20:54,1532004840,481.79,482.0,481.58,481.9,242.47851
2018-07-19 20:55,1532004900,481.81,481.98,481.15,481.15,306.64134
2018-07-19 20:56,1532004960,481.15,481.44,481.11,481.17,88.47779
2018-07-19 20:57,1532005020,481.16,481.4,481.12,481.12,309.87286
2018-07-19 20:58,1532005080,481.34,481.34,481.05,481.22,113.09264
2018-07-19 20:59,1532005140,481.25,482.23,481.25,481.95,300.7834
2018-07-19 21:00,1532005200,481.88,482.23,481.87,482.11,114.37317
2018-07-19 21:01,1532005260,482.06,482.17,481.9,482.17,157.54228
2018-07-19 21:02,1532005320,482.22,482.63,482.0,482.01,209.13101
2018-07-19 21:03,1532005380,482.01,484.15,481.28,481.92,509.36101
2018-07-19 21:04,1532005440,481.45,481.93,481.42,481.86,113.96499
2018-07-19 21:05,1532005500,481.75,481.87,481.4,481.66,42.19975
2018-07-19 21:06,1532005560,481.53,481.67,481.4,481.4,69.79279
2018-07-19 21:07,1532005620,481.59,481.67,481.42,481.63,94.38389
2018-07-19 21:08,1532005680,481.67,481.67,481.41,481.65,119.79792
2018-07-19 21:09,1532005740,481.65,481.67,481.56,481.66,130.33162
2018-07-19 21:10,1532005800,481.66,482.25,481.62,482.15,128.87127
2018-07-19 21:11,1532005860,482.0,482.42,481.76,482.02,104.46724
2018-07-19 21:12,1532005920,482.28,482.4,482.14,482.16,143.35
2018-07-19 21:13,1532005980,482.18,482.26,482.13,482.13,165.08802
2018-07-19 21:14,1532006040,482.15,482.42,482.0,482.21,212.66629
2018-07-19 21:15,1532006100,482.24,482.43,482.02,482.03,219.43498
2018-07-19 21:16,1532006160,482.05,482.43,482.04,482.09,48.75861
2018-07-19 21:17,1532006220,482.37,482.46,482.06,482.4,74.75706
2018-07-19 21:18,1532006280,482.42,482.46,482.1,482.39,27.77983
2018-07-19 21:19,1532006340,482.41,482.46,480.3,481.0,347.14902
2018-07-19 21:20,1532006400,481.0,481.0,479.33,480.18,308.42655
2018-07-19 21:21,1532006460,479.89,480.54,479.8,480.3,75.2332
2018-07-19 21:22,1532006520,480.41,482.48,480.3,482.01,207.60272
2018-07-19 21:23,1532006580,482.0,482.82,481.73,482.82,333.93453
2018-07-19 21:24,1532006640,482.71,482.72,481.38,481.62,186.4309
2018-07-19 21:25,1532006700,481.61,482.56,480.97,482.56,186.82635
2018-07-19 21:26,1532006760,482.44,483.0,481.71,482.16,144.74304
2018-07-19 21:27,1532006820,482.16,482.53,481.9,482.53,88.83206
2018-07-19 21:28,1532006880,482.6,483.7,482.47,483.49,106.22165
2018-07-19 21:29,1532006940,483.48,483.77,481.96,482.58,120.42309
2018-07-19 21:30,1532007000,482.58,483.38,482.39,483.16,118.26943
2018-07-19 21:31,1532007060,482.45,483.37,482.3,482.3,206.36053
2018-07-19 21:32,1532007120,482.3,482.98,482.3,482.57,216.80798
2018-07-19 21:33,1532007180,482.58,483.01,482.29,482.3,243.28852
2018-07-19 21:34,1532007240,482.3,482.78,482.18,482.3,304.32278
2018-07-19 21:35,1532007300,482.44,482.58,482.0,482.01,461.23868
2018-07-19 21:36,1532007360,482.01,482.08,481.67,481.72,408.55406
2018-07-19 21:37,1532007420,482.03,482.44,481.86,481.95,284.06368
2018-07-19 21:38,1532007480,482.26,482.8,481.96,482.04,210.431
2018-07-19 21:39,1532007540,482.03,482.39,481.1,481.58,156.31575
2018-07-19 21:40,1532007600,481.58,482.07,480.47,480.99,163.49942
2018-07-19 21:41,1532007660,480.99,481.13,480.35,480.65,160.4527
2018-07-19 21:42,1532007720,480.64,480.87,479.79,480.25,228.48664
2018-07-19 21:43,1532007780,480.22,480.5,479.61,480.04,406.9621
2018-07-19 21:44,1532007840,480.04,480.11,479.2,479.47,375.99705
2018-07-19 21:45,1532007900,479.47,479.77,479.0,479.68,331.39744
2018-07-19 21:46,1532007960,479.46,479.97,479.25,479.65,270.59178
2018-07-19 21:47,1532008020,479.66,480.11,479.01,479.61,74.55357
2018-07-19 21:48,1532008080,479.61,480.11,477.7,477.7,420.8002
2018-07-19 21:49,1532008140,478.11,478.11,476.3,476.71,479.77568
2018-07-19 21:50,1532008200,476.7,478.2,476.64,477.98,526.12786
2018-07-19 21:51,1532008260,477.98,479.5,477.63,479.05,106.68632
2018-07-19 21:52,1532008320,479.42,480.11,479.02,479.59,131.35626
2018-07-19 21:53,1532008380,479.26,479.93,478.54,479.55,195.95971
2018-07-19 21:54,1532008440,479.55,480.65,479.25,480.32,85.42528
2018-07-19 21:55,1532008500,480.32,481.2,479.27,480.07,648.79717
2018-07-19 21:56,1532008560,480.07,480.8,479.99,480.8,292.35169
2018-07-19 21:57,1532008620,480.58,480.92,479.43,479.83,305.25598
2018-07-19 21:58,1532008680,479.56,481.15,479.07,480.9,622.13707
2018-07-19 21:59,1532008740,480.77,481.26,480.65,480.66,124.09148
2018-07-19 22:00,1532008800,480.45,481.11,479.7,479.73,139.97897
2018-07-19 22:01,1532008860,479.72,480.0,478.22,478.39,222.93199
2018-07-19 22:02,1532008920,478.24,478.72,477.31,477.45,149.3293
2018-07-19 22:03,1532008980,477.45,478.0,477.39,477.57,287.79893
2018-07-19 22:04,1532009040,477.79,477.99,477.48,477.87,97.2245
2018-07-19 22:05,1532009100,477.51,477.69,476.63,477.03,167.58551
2018-07-19 22:06,1532009160,477.03,478.11,476.62,477.14,193.09348
2018-07-19 22:07,1532009220,477.14,477.29,476.0,476.02,187.74225
2018-07-19 22:08,1532009280,476.02,477.21,475.5,476.31,146.02368
2018-07-19 22:09,1532009340,476.83,476.83,475.66,476.34,64.52727
2018-07-19 22:10,1532009400,476.3,476.79,476.18,476.3,58.25621
2018-07-19 22:11,1532009460,476.75,476.75,476.19,476.35,36.19115
2018-07-19 22:12,1532009520,476.3,476.45,475.54,475.54,50.77186
2018-07-19 22:13,1532009580,475.97,476.32,475.54,476.0,33.63677
2018-07-19 22:14,1532009640,475.71,476.88,475.25,476.32,135.69017
2018-07-19 22:15,1532009700,476.14,476.32,475.38,475.65,86.88445
2018-07-19 22:16,1532009760,475.91,476.0,474.87,474.87,180.36247
2018-07-19 22:17,1532009820,474.99,474.99,473.47,473.69,242.40064
2018-07-19 22:18,1532009880,473.46,473.99,473.01,473.65,253.88993
2018-07-19 22:19,1532009940,473.9,473.9,471.88,473.12,417.148
2018-07-19 22:20,1532010000,473.12,473.25,472.12,472.25,390.62952
2018-07-19 22:21,1532010060,473.19,473.9,472.23,473.19,289.83569
2018-07-19 22:22,1532010120,473.29,473.66,472.47,473.24,116.32254
2018-07-19 22:23,1532010180,473.23,473.85,473.03,473.85,227.02249
2018-07-19 22:24,1532010240,473.52,473.85,473.45,473.53,285.33662
2018-07-19 22:25,1532010300,473.7,474.05,473.51,473.89,111.5302
2018-07-19 22:26,1532010360,473.83,474.36,473.55,473.67,41.11247
2018-07-19 22:27,1532010420,473.55,473.99,473.5,473.67,29.22997
2018-07-19 22:28,1532010480,473.67,473.78,473.45,473.45,45.97487
2018-07-19 22:29,1532010540,473.45,473.72,473.39,473.51,44.13669
2018-07-19 22:30,1532010600,473.51,473.88,472.86,473.64,200.87459
2018-07-19 22:31,1532010660,473.79,474.7,473.44,474.49,157.40428
2018-07-19 22:32,1532010720,473.92,474.77,473.92,474.5,108.77221
2018-07-19 22:33,1532010780,474.63,475.0,474.48,474.87,267.31672
2018-07-19 22:34,1532010840,474.87,475.03,474.62,475.03,197.69584
2018-07-19 22:35,1532010900,475.03,475.29,474.62,474.64,42.54493
2018-07-19 22:36,1532010960,474.77,475.25,474.47,474.62,48.74813
2018-07-19 22:37,1532011020,474.62,474.98,474.6,474.93,283.63546
2018-07-19 22:38,1532011080,474.65,475.18,474.65,475.0,220.81338
2018-07-19 22:39,1532011140,475.1,475.53,475.0,475.3,87.26699
2018-07-19 22:40,1532011200,475.3,475.65,474.99,475.3,76.14951
2018-07-19 22:41,1532011260,475.3,475.61,475.08,475.19,53.93903
2018-07-19 22:42,1532011320,475.18,475.5,475.15,475.2,146.47205
2018-07-19 22:43,1532011380,475.22,475.78,475.22,475.77,117.61851
2018-07-19 22:44,1532011440,475.56,476.0,475.27,475.48,73.06113
2018-07-19 22:45,1532011500,475.61,475.89,475.41,475.82,72.89705
2018-07-19 22:46,1532011560,475.52,476.32,475.5,475.98,50.13003
2018-07-19 22:47,1532011620,476.0,476.48,474.47,475.69,220.29239
2018-07-19 22:48,1532011680,475.76,476.46,475.65,476.35,155.35866
2018-07-19 22:49,1532011740,476.35,476.61,476.04,476.1,199.39338
2018-07-19 22:50,1532011800,476.39,476.55,475.65,475.92,78.29149
2018-07-19 22:51,1532011860,475.92,476.12,475.24,475.47,127.22815
2018-07-19 22:52,1532011920,475.59,476.1,475.35,475.84,77.70741
2018-07-19 22:53,1532011980,475.87,476.45,475.66,475.86,46.57071
2018-07-19 22:54,1532012040,476.29,476.44,475.78,475.84,94.86592
2018-07-19 22:55,1532012100,475.83,476.07,475.52,475.52,159.27381
2018-07-19 22:56,1532012160,475.56,475.91,475.51,475.51,144.27417
2018-07-19 22:57,1532012220,475.52,475.8,474.82,475.16,134.73703
2018-07-19 22:58,1532012280,475.14,475.14,473.39,474.59,202.45517
2018-07-19 22:59,1532012340,474.04,474.71,473.87,474.33,203.73683
2018-07-19 23:00,1532012400,474.33,474.85,474.0,474.41,243.26775
2018-07-19 23:01,1532012460,474.06,474.78,474.0,474.78,119.6348
2018-07-19 23:02,1532012520,474.43,474.81,473.97,474.35,66.40183
2018-07-19 23:03,1532012580,473.86,474.47,473.86,474.32,78.20644
2018-07-19 23:04,1532012640,474.32,474.48,473.9,474.47,152.199
2018-07-19 23:05,1532012700,474.47,474.73,474.16,474.51,177.03599
2018-07-19 23:06,1532012760,474.72,474.82,474.2,474.69,348.15597
2018-07-19 23:07,1532012820,474.45,474.9,474.23,474.29,233.85851
2018-07-19 23:08,1532012880,474.31,474.87,474.3,474.5,27.98903
2018-07-19 23:09,1532012940,474.54,474.83,474.22,474.22,22.88133
2018-07-19 23:10,1532013000,474.6,474.68,474.17,474.54,42.00519
2018-07-19 23:11,1532013060,474.6,474.62,474.0,474.34,90.76332
2018-07-19 23:12,1532013120,474.35,474.64,474.06,474.63,60.34876
2018-07-19 23:13,1532013180,474.6,475.11,474.1,475.11,167.05366
2018-07-19 23:14,1532013240,475.12,475.79,475.02,475.63,111.59509
2018-07-19 23:15,1532013300,475.63,475.81,474.68,474.93,137.86791
2018-07-19 23:16,1532013360,474.86,475.19,474.62,474.62,71.16948
2018-07-19 23:17,1532013420,474.65,475.0,474.19,474.72,40.25799
2018-07-19 23:18,1532013480,475.0,475.0,474.6,474.6,32.47833
2018-07-19 23:19,1532013540,474.75,475.0,474.62,475.0,42.57857
2018-07-19 23:20,1532013600,474.88,475.0,474.76,474.98,41.17415
2018-07-19 23:21,1532013660,474.98,475.25,474.21,474.21,83.83846
2018-07-19 23:22,1532013720,475.02,475.13,474.2,474.58,57.94806
2018-07-19 23:23,1532013780,474.72,474.99,474.25,474.28,54.94365
2018-07-19 23:24,1532013840,474.67,475.0,474.25,474.41,46.15721
2018-07-19 23:25,1532013900,474.54,474.66,474.28,474.29,41.30276
2018-07-19 23:26,1532013960,474.3,475.0,474.29,474.55,71.23928
2018-07-19 23:27,1532014020,474.55,474.95,474.55,474.92,57.29708
2018-07-19 23:28,1532014080,474.66,474.9,474.47,474.78,65.1164
2018-07-19 23:29,1532014140,474.83,474.99,474.53,474.88,28.67901
2018-07-19 23:30,1532014200,474.69,474.88,474.36,474.57,50.01157
2018-07-19 23:31,1532014260,474.54,474.71,473.81,474.11,129.15144
2018-07-19 23:32,1532014320,474.1,474.26,473.66,474.17,152.32876
2018-07-19 23:33,1532014380,474.03,474.24,473.4,473.62,353.24114
2018-07-19 23:34,1532014440,473.62,473.82,472.78,473.0,271.4842
2018-07-19 23:35,1532014500,472.99,473.76,472.0,472.1,508.6427
2018-07-19 23:36,1532014560,472.11,472.59,471.5,471.55,396.64585
2018-07-19 23:37,1532014620,471.55,471.89,470.51,470.87,202.94022
2018-07-19 23:38,1532014680,470.87,471.44,467.82,469.28,1956.05871
2018-07-19 23:39,1532014740,469.28,470.73,468.68,470.02,313.24304
2018-07-19 23:40,1532014800,470.28,471.18,470.1,470.68,104.61797
2018-07-19 23:41,1532014860,470.64,471.88,470.64,471.47,78.56419
2018-07-19 23:42,1532014920,470.88,470.88,469.38,469.46,325.37177
2018-07-19 23:43,1532014980,470.05,471.18,469.35,470.43,219.89769
2018-07-19 23:44,1532015040,470.67,471.15,469.42,470.98,179.71252
2018-07-19 23:45,1532015100,470.79,471.0,470.31,470.33,137.96212
2018-07-19 23:46,1532015160,470.34,471.29,469.92,471.03,377.09465
2018-07-19 23:47,1532015220,470.9,470.9,470.0,470.0,135.11312
2018-07-19 23:48,1532015280,470.13,470.56,469.73,470.18,61.02272
2018-07-19 23:49,1532015340,470.18,470.53,469.8,469.82,131.7189
2018-07-19 23:50,1532015400,469.83,470.17,468.58,468.9,284.78748
2018-07-19 23:51,1532015460,468.89,469.53,467.78,468.29,426.03825
2018-07-19 23:52,1532015520,467.87,469.04,467.78,468.96,326.42272
2018-07-19 23:53,1532015580,468.7,468.87,467.78,467.99,132.53903
2018-07-19 23:54,1532015640,467.98,468.5,467.0,467.71,616.85728
2018-07-19 23:55,1532015700,467.7,468.06,467.01,467.71,183.93124
2018-07-19 23:56,1532015760,467.64,467.64,467.0,467.1,69.56396
2018-07-19 23:57,1532015820,467.09,467.24,465.79,467.0,1179.123
2018-07-19 23:58,1532015880,466.86,468.22,466.86,468.21,152.84749
2018-07-19 23:59,1532015940,468.21,469.33,467.77,468.43,219.03387
2018-07-20 00:00,1532016000,468.43,468.81,467.33,467.71,155.25152
2018-07-20 00:01,1532016060,467.85,469.44,467.12,468.8,146.81526
2018-07-20 00:02,1532016120,468.8,469.04,468.46,469.04,189.95762
2018-07-20 00:03,1532016180,469.1,469.28,468.0,468.38,170.87566
2018-07-20 00:04,1532016240,468.73,468.84,468.31,468.4,48.90363
2018-07-20 00:05,1532016300,468.12,468.45,467.5,467.86,148.23666
2018-07-20 00:06,1532016360,468.0,468.14,467.8,467.95,56.47193
2018-07-20 00:07,1532016420,467.95,468.49,467.83,467.83,75.94417
2018-07-20 00:08,1532016480,467.83,468.69,467.83,468.05,238.05484
2018-07-20 00:09,1532016540,468.04,468.78,467.79,467.79,203.56271
2018-07-20 00:10,1532016600,467.69,468.2,467.47,467.94,98.25801
2018-07-20 00:11,1532016660,467.92,468.08,467.55,468.0,23.6259
2018-07-20 00:12,1532016720,467.83,468.08,466.07,466.97,261.4174
2018-07-20 00:13,1532016780,466.97,467.07,466.34,466.98,145.69555
2018-07-20 00:14,1532016840,466.95,466.95,466.16,466.52,181.56887
2018-07-20 00:15,1532016900,466.74,466.82,466.04,466.18,176.12477
2018-07-20 00:16,1532016960,466.18,466.19,465.08,465.44,459.78616
2018-07-20 00:17,1532017020,465.28,465.44,464.1,464.99,708.57583
2018-07-20 00:18,1532017080,464.99,465.0,463.32,463.91,247.49602
2018-07-20 00:19,1532017140,463.91,464.04,463.31,463.94,140.63038
2018-07-20 00:20,1532017200,463.91,464.1,462.61,463.68,432.82016
2018-07-20 00:21,1532017260,463.25,463.68,462.72,463.03,246.73495
2018-07-20 00:22,1532017320,463.41,463.74,463.05,463.27,109.7671
2018-07-20 00:23,1532017380,463.5,464.57,463.5,464.39,143.38669
2018-07-20 00:24,1532017440,464.39,465.42,464.39,465.0,304.00525
2018-07-20 00:25,1532017500,465.0,466.12,464.91,466.09,268.20644
2018-07-20 00:26,1532017560,466.09,466.5,465.6,466.01,198.93212
2018-07-20 00:27,1532017620,466.23,466.65,466.01,466.65,64.3136
2018-07-20 00:28,1532017680,466.48,467.06,466.48,467.05,48.14993
2018-07-20 00:29,1532017740,466.66,467.33,466.1,467.0,84.36935
2018-07-20 00:30,1532017800,467.01,468.54,467.0,467.73,147.58707
2018-07-20 00:31,1532017860,467.73,467.73,467.08,467.12,137.60442
2018-07-20 00:32,1532017920,467.32,467.49,467.01,467.2,92.6719
2018-07-20 00:33,1532017980,467.07,467.37,466.94,467.22,166.59724
2018-07-20 00:34,1532018040,467.22,467.37,466.14,466.34,413.84729
2018-07-20 00:35,1532018100,466.35,467.13,466.35,466.79,60.39083
2018-07-20 00:36,1532018160,466.59,467.14,466.55,467.03,182.32859
2018-07-20 00:37,1532018220,467.14,467.14,465.95,466.3,324.0133
2018-07-20 00:38,1532018280,466.3,466.7,465.96,466.7,132.37966
2018-07-20 00:39,1532018340,466.49,466.98,465.97,466.37,99.27912
2018-07-20 00:40,1532018400,466.37,466.44,465.67,466.12,125.83087
2018-07-20 00:41,1532018460,465.88,466.05,465.05,465.56,255.6383
2018-07-20 00:42,1532018520,465.52,465.54,464.24,464.24,189.55347
2018-07-20 00:43,1532018580,464.75,464.96,464.01,464.79,198.03747
2018-07-20 00:44,1532018640,464.9,464.97,464.5,464.97,124.75113
2018-07-20 00:45,1532018700,464.69,464.96,464.25,464.76,77.2792
2018-07-20 00:46,1532018760,464.93,464.97,464.54,464.7,114.06846
2018-07-20 00:47,1532018820,464.62,465.81,464.61,464.97,286.86442
2018-07-20 00:48,1532018880,464.95,464.98,463.51,464.04,250.79752
2018-07-20 00:49,1532018940,463.53,464.03,462.83,463.09,248.48052
2018-07-20 00:50,1532019000,462.96,463.92,462.61,463.42,103.82563
2018-07-20 00:51,1532019060,463.28,464.78,463.12,464.16,37.82647
2018-07-20 00:52,1532019120,464.45,464.51,463.0,463.0,76.46335
2018-07-20 00:53,1532019180,463.35,464.36,463.0,464.2,194.30944
2018-07-20 00:54,1532019240,463.99,464.36,463.11,463.73,110.12978
2018-07-20 00:55,1532019300,463.74,464.14,463.15,463.51,46.71954
2018-07-20 00:56,1532019360,463.51,464.38,463.16,463.5,62.61769
2018-07-20 00:57,1532019420,463.91,464.03,462.57,463.62,138.07781
2018-07-20 00:58,1532019480,463.23,464.29,463.2,463.58,153.25775
2018-07-20 00:59,1532019540,463.79,464.58,463.58,463.95,38.59278
2018-07-20 01:00,1532019600,463.94,464.27,463.5,463.74,341.24504
2018-07-20 01:01,1532019660,463.72,464.2,463.4,463.64,46.29756
2018-07-20 01:02,1532019720,463.67,464.97,463.64,464.19,229.50946
2018-07-20 01:03,1532019780,464.19,466.0,464.19,465.75,188.81903
2018-07-20 01:04,1532019840,465.75,465.75,464.74,464.74,118.18632
2018-07-20 01:05,1532019900,464.75,465.36,464.71,465.05,78.90221
2018-07-20 01:06,1532019960,465.08,465.36,464.91,465.13,19.45184
2018-07-20 01:07,1532020020,465.09,465.22,464.44,464.99,109.12269
2018-07-20 01:08,1532020080,464.98,465.0,464.0,464.6,409.89752
2018-07-20 01:09,1532020140,464.0,465.91,464.0,465.48,1063.35498
2018-07-20 01:10,1532020200,465.48,466.6,465.4,466.3,123.1142
2018-07-20 01:11,1532020260,466.55,467.0,465.57,465.57,61.90783
2018-07-20 01:12,1532020320,465.8,466.6,465.54,466.6,59.80365
2018-07-20 01:13,1532020380,465.92,466.7,465.83,465.87,69.93256
2018-07-20 01:14,1532020440,465.87,466.39,464.8,465.25,113.03848
2018-07-20 01:15,1532020500,465.24,465.44,464.7,465.2,45.86955
2018-07-20 01:16,1532020560,465.2,465.25,464.44,464.62,88.3929
2018-07-20 01:17,1532020620,464.9,466.32,464.78,466.29,63.46852
2018-07-20 01:18,1532020680,465.96,467.0,465.96,466.66,66.27259
2018-07-20 01:19,1532020740,466.65,466.94,466.24,466.53,71.05282
2018-07-20 01:20,1532020800,466.53,466.53,465.63,465.66,63.76364
2018-07-20 01:21,1532020860,465.61,466.22,465.54,466.21,62.21324
2018-07-20 01:22,1532020920,465.97,466.87,465.58,466.7,135.14949
2018-07-20 01:23,1532020980,466.7,467.0,466.58,466.76,84.43953
2018-07-20 01:24,1532021040,466.85,466.99,466.74,466.98,28.03589
2018-07-20 01:25,1532021100,466.99,468.06,466.91,468.06,140.88369
2018-07-20 01:26,1532021160,468.07,468.6,468.07,468.6,27.50386
2018-07-20 01:27,1532021220,468.59,468.6,467.54,467.74,136.10899
2018-07-20 01:28,1532021280,467.73,468.03,466.38,467.16,227.81371
2018-07-20 01:29,1532021340,467.16,467.45,466.96,467.33,248.14545
2018-07-20 01:30,1532021400,467.17,467.24,466.8,467.24,67.68842
2018-07-20 01:31,1532021460,467.31,467.68,467.23,467.55,70.54384
2018-07-20 01:32,1532021520,467.42,468.26,467.31,467.84,87.20593
2018-07-20 01:33,1532021580,467.84,468.44,467.66,467.71,46.41234
2018-07-20 01:34,1532021640,467.71,468.03,467.22,467.72,58.37136
2018-07-20 01:35,1532021700,467.5,467.55,467.02,467.36,60.93879
2018-07-20 01:36,1532021760,467.4,467.51,467.02,467.2,59.58024
2018-07-20 01:37,1532021820,467.29,467.9,467.02,467.77,36.50317
2018-07-20 01:38,1532021880,467.76,468.0,467.33,467.84,42.83215
2018-07-20 01:39,1532021940,468.0,468.24,467.58,468.23,113.88686
2018-07-20 01:40,1532022000,467.92,468.23,467.36,467.73,61.92675
2018-07-20 01:41,1532022060,467.42,468.14,467.32,467.56,24.46431
2018-07-20 01:42,1532022120,467.59,468.34,467.59,468.17,23.34653
2018-07-20 01:43,1532022180,468.04,468.17,466.14,466.77,703.62313
2018-07-20 01:44,1532022240,467.33,467.33,466.34,467.3,169.88211
2018-07-20 01:45,1532022300,467.11,467.43,466.33,466.95,118.82898
2018-07-20 01:46,1532022360,466.9,466.9,466.33,466.85,36.06889
2018-07-20 01:47,1532022420,466.85,467.11,466.43,467.0,70.61056
2018-07-20 01:48,1532022480,467.01,467.11,466.33,466.33,56.8656
2018-07-20 01:49,1532022540,466.91,467.11,466.42,466.96,113.46214
2018-07-20 01:50,1532022600,467.11,468.15,467.11,467.96,64.63802
2018-07-20 01:51,1532022660,467.98,468.36,467.98,468.29,87.27423
2018-07-20 01:52,1532022720,467.82,468.35,467.7,468.15,117.93994
2018-07-20 01:53,1532022780,468.06,468.33,467.32,467.32,106.96891
2018-07-20 01:54,1532022840,467.27,467.8,466.9,467.5,56.25128
2018-07-20 01:55,1532022900,467.48,468.14,467.01,468.12,54.0377
2018-07-20 01:56,1532022960,468.0,468.22,467.72,468.12,52.35734
2018-07-20 01:57,1532023020,468.18,468.22,466.42,467.44,343.72063
2018-07-20 01:58,1532023080,467.45,468.36,467.44,467.98,23.39688
2018-07-20 01:59,1532023140,468.05,468.05,467.49,467.93,45.44708
2018-07-20 02:00,1532023200,467.83,468.15,467.43,468.15,36.90316
2018-07-20 02:01,1532023260,468.15,468.23,467.96,468.17,39.86072
2018-07-20 02:02,1532023320,468.18,468.23,468.17,468.23,37.60753
2018-07-20 02:03,1532023380,468.23,469.58,468.21,469.25,270.0855
2018-07-20 02:04,1532023440,469.41,469.77,467.89,469.14,111.58454
2018-07-20 02:05,1532023500,469.13,469.8,469.0,469.68,50.54513
2018-07-20 02:06,1532023560,469.59,469.78,468.79,468.79,101.73863
2018-07-20 02:07,1532023620,468.81,469.39,467.87,468.31,175.76027
2018-07-20 02:08,1532023680,468.83,470.81,468.78,470.05,164.58973
2018-07-20 02:09,1532023740,470.04,470.04,469.57,469.7,215.74448
2018-07-20 02:10,1532023800,469.85,470.41,469.7,470.0,515.85651
2018-07-20 02:11,1532023860,470.05,470.39,469.8,470.09,61.86861
2018-07-20 02:12,1532023920,469.95,470.1,468.51,469.17,351.44675
2018-07-20 02:13,1532023980,469.37,469.54,468.63,469.27,116.68885
2018-07-20 02:14,1532024040,469.08,469.55,468.75,469.25,125.39972
2018-07-20 02:15,1532024100,469.57,469.8,469.02,469.14,39.10008
2018-07-20 02:16,1532024160,469.16,469.63,468.84,469.1,61.77573
2018-07-20 02:17,1532024220,469.09,469.1,468.9,468.98,150.21054
2018-07-20 02:18,1532024280,469.1,469.65,468.9,469.26,113.07642
2018-07-20 02:19,1532024340,469.47,469.55,468.42,468.49,116.61869
2018-07-20 02:20,1532024400,468.95,469.23,468.5,468.77,52.91109
2018-07-20 02:21,1532024460,468.97,469.16,468.54,468.9,145.39766
2018-07-20 02:22,1532024520,468.91,469.1,468.33,468.33,265.50038
2018-07-20 02:23,1532024580,468.34,469.21,468.3,469.0,144.10235
2018-07-20 02:24,1532024640,469.0,469.35,468.67,469.35,373.51215
2018-07-20 02:25,1532024700,469.4,469.82,469.4,469.73,127.75118
2018-07-20 02:26,1532024760,469.7,469.83,469.41,469.41,172.52111
2018-07-20 02:27,1532024820,469.64,469.64,468.7,468.7,128.41266
2018-07-20 02:28,1532024880,468.7,469.48,468.66,469.48,149.68615
2018-07-20 02:29,1532024940,469.5,469.5,468.9,469.23,28.0528
2018-07-20 02:30,1532025000,469.18,469.23,468.33,468.66,34.58447
2018-07-20 02:31,1532025060,468.53,469.1,468.29,468.5,21.80165
2018-07-20 02:32,1532025120,468.5,468.92,467.74,468.91,114.61005
2018-07-20 02:33,1532025180,468.67,468.9,468.25,468.68,19.93662
2018-07-20 02:34,1532025240,468.24,468.57,467.67,468.42,65.38002
2018-07-20 02:35,1532025300,468.11,468.71,468.11,468.68,54.39728
2018-07-20 02:36,1532025360,468.7,468.71,468.43,468.7,48.22872
2018-07-20 02:37,1532025420,468.58,468.71,468.05,468.6,76.08768
2018-07-20 02:38,1532025480,468.6,468.62,468.27,468.39,77.10508
2018-07-20 02:39,1532025540,468.57,468.62,467.58,467.72,43.32788
2018-07-20 02:40,1532025600,467.71,468.28,467.7,467.97,53.60687
2018-07-20 02:41,1532025660,468.06,468.34,467.8,467.8,216.33159
2018-07-20 02:42,1532025720,467.79,467.95,467.4,467.7,484.87469
2018-07-20 02:43,1532025780,467.69,468.03,467.4,468.0,503.7355
2018-07-20 02:44,1532025840,467.99,468.45,467.73,468.22,319.7844
2018-07-20 02:45,1532025900,468.22,468.22,467.48,468.16,78.73868
2018-07-20 02:46,1532025960,467.99,468.18,465.7,467.52,192.70267
2018-07-20 02:47,1532026020,467.52,467.81,467.3,467.72,41.98087
2018-07-20 02:48,1532026080,467.63,467.77,467.11,467.35,132.76071
2018-07-20 02:49,1532026140,467.35,467.49,466.63,467.26,172.89021
2018-07-20 02:50,1532026200,467.25,467.26,466.77,466.78,76.32683
2018-07-20 02:51,1532026260,467.0,467.24,466.6,467.24,73.29268
2018-07-20 02:52,1532026320,467.24,468.15,467.24,468.15,79.87323
2018-07-20 02:53,1532026380,468.15,468.22,467.63,467.63,25.52156
2018-07-20 02:54,1532026440,467.7,468.04,467.44,467.73,52.67671
2018-07-20 02:55,1532026500,467.71,468.0,467.46,467.79,41.19981
2018-07-20 02:56,1532026560,467.79,468.0,467.79,467.97,48.49989
2018-07-20 02:57,1532026620,467.97,468.48,467.97,468.24,142.98657
2018-07-20 02:58,1532026680,468.25,468.38,468.0,468.16,73.4381
2018-07-20 02:59,1532026740,468.37,468.52,468.04,468.14,79.59809
2018-07-20 03:00,1532026800,468.21,468.42,468.04,468.35,65.52507
2018-07-20 03:01,1532026860,468.4,468.53,468.38,468.52,59.5483
2018-07-20 03:02,1532026920,468.4,468.46,467.76,468.27,56.98449
2018-07-20 03:03,1532026980,468.27,468.45,467.78,468.1,30.83709
2018-07-20 03:04,1532027040,468.09,468.27,467.96,468.2,34.58688
2018-07-20 03:05,1532027100,468.32,468.52,468.25,468.37,61.90166
2018-07-20 03:06,1532027160,468.44,468.59,468.26,468.29,63.86869
2018-07-20 03:07,1532027220,468.44,468.63,468.3,468.4,59.08146
2018-07-20 03:08,1532027280,468.4,468.86,468.4,468.6,54.97199
2018-07-20 03:09,1532027340,468.71,469.11,468.6,469.11,147.20484
2018-07-20 03:10,1532027400,468.92,469.1,467.94,468.94,188.89855
2018-07-20 03:11,1532027460,468.9,469.02,468.73,468.99,165.58079
2018-07-20 03:12,1532027520,468.92,469.1,468.6,469.07,153.27596
2018-07-20 03:13,1532027580,469.07,469.07,468.8,469.06,168.75891
2018-07-20 03:14,1532027640,468.93,469.06,468.08,468.4,105.65698
2018-07-20 03:15,1532027700,468.58,468.91,468.54,468.67,85.64649
2018-07-20 03:16,1532027760,468.71,469.26,468.71,469.26,49.06694
2018-07-20 03:17,1532027820,469.28,469.48,469.03,469.3,186.69835
2018-07-20 03:18,1532027880,469.23,469.86,469.23,469.86,79.9379
2018-07-20 03:19,1532027940,469.86,470.36,469.77,470.18,136.81005
2018-07-20 03:20,1532028000,470.19,471.15,470.03,471.05,236.26151
2018-07-20 03:21,1532028060,471.03,472.89,470.49,470.85,416.82684
2018-07-20 03:22,1532028120,470.71,471.28,469.18,469.77,184.31959
2018-07-20 03:23,1532028180,469.78,469.87,469.52,469.73,73.9896
2018-07-20 03:24,1532028240,469.86,470.41,469.64,470.41,49.0251
2018-07-20 03:25,1532028300,470.67,470.94,470.17,470.81,35.712
2018-07-20 03:26,1532028360,470.32,471.01,470.32,470.83,114.4415
2018-07-20 03:27,1532028420,470.83,470.98,469.8,469.83,55.90187
2018-07-20 03:28,1532028480,469.83,470.23,469.67,469.93,64.34083
2018-07-20 03:29,1532028540,470.14,470.17,469.67,469.67,75.703
2018-07-20 03:30,1532028600,469.66,469.77,469.19,469.19,161.73347
2018-07-20 03:31,1532028660,469.19,469.49,468.59,469.34,164.16836
2018-07-20 03:32,1532028720,469.17,469.49,469.17,469.33,265.4933
2018-07-20 03:33,1532028780,469.19,469.51,469.19,469.33,313.32897
2018-07-20 03:34,1532028840,469.73,470.95,469.46,470.53,201.42114
2018-07-20 03:35,1532028900,470.51,471.05,470.33,471.04,142.66414
2018-07-20 03:36,1532028960,470.87,471.95,470.87,471.19,104.41013
2018-07-20 03:37,1532029020,471.19,471.22,469.85,469.96,173.89323
2018-07-20 03:38,1532029080,469.94,470.37,469.61,470.29,41.66997
2018-07-20 03:39,1532029140,470.23,471.0,470.18,470.94,39.44027
2018-07-20 03:40,1532029200,470.94,470.94,470.29,470.4,78.111
2018-07-20 03:41,1532029260,470.36,470.5,470.02,470.3,97.78946
2018-07-20 03:42,1532029320,470.15,470.87,470.15,470.7,30.20938
2018-07-20 03:43,1532029380,470.78,471.67,470.78,471.44,73.02972
2018-07-20 03:44,1532029440,471.22,471.86,470.87,470.96,48.96287
2018-07-20 03:45,1532029500,470.96,470.99,469.19,469.33,143.98134
2018-07-20 03:46,1532029560,469.33,469.66,468.5,469.47,172.17427
2018-07-20 03:47,1532029620,469.54,469.93,469.11,469.93,35.98909
2018-07-20 03:48,1532029680,469.16,469.35,468.51,468.89,46.30372
2018-07-20 03:49,1532029740,468.89,469.55,468.74,469.2,43.02931
2018-07-20 03:50,1532029800,469.2,469.25,468.54,469.03,65.98005
2018-07-20 03:51,1532029860,469.06,469.25,469.0,469.11,32.1234
2018-07-20 03:52,1532029920,469.18,469.24,469.11,469.12,21.95736
2018-07-20 03:53,1532029980,469.11,469.64,468.83,469.08,39.55455
2018-07-20 03:54,1532030040,469.18,469.18,468.65,468.65,40.92558
2018-07-20 03:55,1532030100,468.65,469.15,468.48,468.82,43.10475
2018-07-20 03:56,1532030160,468.8,469.03,468.0,468.01,30.52967
2018-07-20 03:57,1532030220,468.22,468.27,467.74,468.04,52.05463
2018-07-20 03:58,1532030280,467.75,468.63,467.55,467.62,66.47989
2018-07-20 03:59,1532030340,468.06,468.06,466.94,467.85,103.05491
2018-07-20 04:00,1532030400,467.46,468.2,467.39,467.6,97.34438
2018-07-20 04:01,1532030460,467.67,468.62,467.67,468.29,103.75596
2018-07-20 04:02,1532030520,468.17,468.18,467.66,467.79,23.0381
2018-07-20 04:03,1532030580,467.75,467.84,467.44,467.81,32.67704
2018-07-20 04:04,1532030640,467.79,468.23,467.43,467.84,96.08058
2018-07-20 04:05,1532030700,467.84,467.91,467.63,467.63,31.7039
2018-07-20 04:06,1532030760,467.63,467.88,467.63,467.88,31.49054
2018-07-20 04:07,1532030820,467.79,468.09,467.78,467.92,42.87849
2018-07-20 04:08,1532030880,467.85,467.92,467.32,467.4,27.27511
2018-07-20 04:09,1532030940,467.47,467.68,467.31,467.65,18.49416
2018-07-20 04:10,1532031000,467.36,467.52,467.1,467.31,39.69439
2018-07-20 04:11,1532031060,467.32,467.84,467.12,467.68,33.69258
2018-07-20 04:12,1532031120,467.67,467.87,467.42,467.58,53.46145
2018-07-20 04:13,1532031180,467.65,467.79,467.12,467.79,40.24906
2018-07-20 04:14,1532031240,467.74,467.8,467.25,467.57,83.99966
2018-07-20 04:15,1532031300,467.57,467.8,467.34,467.59,56.19679
2018-07-20 04:16,1532031360,467.59,467.6,467.29,467.59,23.79715
2018-07-20 04:17,1532031420,467.59,467.95,467.58,467.88,45.00977
2018-07-20 04:18,1532031480,467.75,467.82,467.46,467.56,46.94539
2018-07-20 04:19,1532031540,467.68,468.61,467.45,468.26,133.55067
2018-07-20 04:20,1532031600,468.25,468.25,467.88,468.2,32.65377
2018-07-20 04:21,1532031660,468.18,468.43,467.75,468.38,50.47507
2018-07-20 04:22,1532031720,468.24,468.49,467.78,468.28,43.46096
2018-07-20 04:23,1532031780,468.49,468.63,468.17,468.19,29.10936
2018-07-20 04:24,1532031840,468.55,468.61,467.88,468.18,17.33466
2018-07-20 04:25,1532031900,468.32,468.38,467.56,468.01,30.21771
2018-07-20 04:26,1532031960,468.02,468.08,467.74,467.97,16.14603
2018-07-20 04:27,1532032020,467.76,467.9,467.29,467.31,34.05579
2018-07-20 04:28,1532032080,467.31,467.73,467.2,467.35,57.79019
2018-07-20 04:29,1532032140,467.37,467.51,467.37,467.38,38.51221
2018-07-20 04:30,1532032200,467.37,467.72,467.37,467.71,26.89727
2018-07-20 04:31,1532032260,467.7,468.08,467.41,468.08,24.6489
2018-07-20 04:32,1532032320,468.03,468.07,467.8,467.84,26.07456
2018-07-20 04:33,1532032380,467.89,468.0,467.81,467.84,29.42944
2018-07-20 04:34,1532032440,467.92,468.07,466.78,467.22,967.92932
2018-07-20 04:35,1532032500,467.22,467.39,466.8,467.39,29.88335
2018-07-20 04:36,1532032560,467.39,467.44,466.73,467.12,43.61699
2018-07-20 04:37,1532032620,467.13,468.0,466.0,467.46,266.98454
2018-07-20 04:38,1532032680,467.45,467.62,467.01,467.26,61.20814
2018-07-20 04:39,1532032740,467.58,467.59,467.02,467.2,39.11441
2018-07-20 04:40,1532032800,467.2,467.84,466.8,467.19,88.44106
2018-07-20 04:41,1532032860,467.28,467.29,466.61,466.99,23.70357
2018-07-20 04:42,1532032920,467.04,467.09,466.25,467.06,137.49675
2018-07-20 04:43,1532032980,466.87,467.07,466.32,466.99,55.73844
2018-07-20 04:44,1532033040,466.97,467.01,466.6,466.67,33.89089
2018-07-20 04:45,1532033100,466.67,467.27,466.53,467.27,58.96947
2018-07-20 04:46,1532033160,467.03,467.13,466.69,466.8,14.12309
2018-07-20 04:47,1532033220,466.96,467.0,466.84,466.85,16.32622
2018-07-20 04:48,1532033280,466.93,467.03,466.53,466.66,169.28602
2018-07-20 04:49,1532033340,466.54,466.95,466.54,466.74,225.6657
2018-07-20 04:50,1532033400,466.73,466.88,466.32,466.78,107.34216
2018-07-20 04:51,1532033460,466.79,468.57,466.45,468.21,174.0185
2018-07-20 04:52,1532033520,468.19,468.52,467.99,468.0,69.3668
2018-07-20 04:53,1532033580,467.95,468.32,467.53,467.94,46.97425
2018-07-20 04:54,1532033640,467.94,468.0,467.64,467.78,33.79366
2018-07-20 04:55,1532033700,467.78,467.79,467.53,467.68,37.63523
2018-07-20 04:56,1532033760,467.61,467.7,467.51,467.66,71.8552
2018-07-20 04:57,1532033820,467.67,468.0,467.54,467.65,24.38455
2018-07-20 04:58,1532033880,467.54,467.54,466.77,467.19,101.42999
2018-07-20 04:59,1532033940,467.01,467.69,466.58,466.58,37.11033
2018-07-20 05:00,1532034000,467.22,467.51,466.6,467.45,12.25393
2018-07-20 05:01,1532034060,467.64,468.46,467.4,468.27,27.20671
2018-07-20 05:02,1532034120,468.28,468.65,468.14,468.62,30.18298
2018-07-20 05:03,1532034180,468.62,468.66,468.42,468.65,18.78448
2018-07-20 05:04,1532034240,468.66,469.0,468.66,468.85,32.11591
2018-07-20 05:05,1532034300,468.99,469.19,468.9,469.15,29.93584
2018-07-20 05:06,1532034360,469.16,469.16,469.0,469.16,21.54215
2018-07-20 05:07,1532034420,469.16,469.48,469.08,469.17,19.45563
2018-07-20 05:08,1532034480,469.19,469.34,469.11,469.28,25.4689
2018-07-20 05:09,1532034540,469.29,469.69,468.71,468.71,50.68502
2018-07-20 05:10,1532034600,468.71,469.3,468.6,469.27,52.07346
2018-07-20 05:11,1532034660,469.1,469.36,469.0,469.35,16.83868
2018-07-20 05:12,1532034720,469.36,469.5,469.22,469.35,24.50013
2018-07-20 05:13,1532034780,469.31,469.36,468.76,468.77,45.34074
2018-07-20 05:14,1532034840,468.77,469.27,468.61,468.95,112.7506
2018-07-20 05:15,1532034900,468.99,469.51,468.92,469.51,436.13366
2018-07-20 05:16,1532034960,469.5,469.6,469.33,469.37,105.32496
2018-07-20 05:17,1532035020,469.36,469.52,468.92,469.48,131.14488
2018-07-20 05:18,1532035080,469.44,469.46,469.02,469.29,83.80452
2018-07-20 05:19,1532035140,469.29,469.4,469.25,469.4,130.27963
2018-07-20 05:20,1532035200,469.4,469.4,469.26,469.28,172.96076
2018-07-20 05:21,1532035260,469.4,469.44,469.29,469.42,254.24714
2018-07-20 05:22,1532035320,469.42,469.48,469.12,469.4,80.29123
2018-07-20 05:23,1532035380,469.3,469.34,469.13,469.13,28.16097
2018-07-20 05:24,1532035440,469.06,469.21,469.05,469.06,28.1523
2018-07-20 05:25,1532035500,469.2,469.47,469.2,469.47,32.99253
2018-07-20 05:26,1532035560,469.38,469.48,469.31,469.31,37.36211
2018-07-20 05:27,1532035620,469.38,469.46,469.29,469.29,21.36174
2018-07-20 05:28,1532035680,469.29,469.5,468.94,468.94,32.96957
2018-07-20 05:29,1532035740,469.02,469.5,469.02,469.49,10.99781
2018-07-20 05:30,1532035800,469.41,469.49,469.33,469.35,31.41285
2018-07-20 05:31,1532035860,469.38,469.42,469.34,469.34,53.14657
2018-07-20 05:32,1532035920,469.38,469.42,469.34,469.34,66.73454
2018-07-20 05:33,1532035980,469.34,469.49,469.27,469.35,14.25579
2018-07-20 05:34,1532036040,469.35,469.6,469.11,469.6,14.50034
2018-07-20 05:35,1532036100,469.32,470.14,469.21,469.51,133.90343
2018-07-20 05:36,1532036160,469.65,469.98,469.49,469.7,103.42015
2018-07-20 05:37,1532036220,469.82,470.47,469.69,470.12,127.22728
2018-07-20 05:38,1532036280,470.12,470.44,469.49,469.49,100.91449
2018-07-20 05:39,1532036340,469.65,469.95,469.65,469.67,129.17434
2018-07-20 05:40,1532036400,469.79,469.99,469.67,469.88,118.57438
2018-07-20 05:41,1532036460,469.93,470.0,469.66,469.67,140.71356
2018-07-20 05:42,1532036520,469.87,469.99,469.28,469.44,68.48483
2018-07-20 05:43,1532036580,469.44,469.85,469.44,469.85,43.55223
2018-07-20 05:44,1532036640,469.78,469.78,469.5,469.65,80.43898
2018-07-20 05:45,1532036700,469.65,469.84,469.53,469.53,101.04654
2018-07-20 05:46,1532036760,469.53,469.56,469.02,469.19,13.13081
2018-07-20 05:47,1532036820,469.18,469.32,469.02,469.06,16.37464
2018-07-20 05:48,1532036880,469.12,469.57,469.07,469.07,16.75388
2018-07-20 05:49,1532036940,469.07,469.42,469.07,469.33,22.15789
2018-07-20 05:50,1532037000,469.44,469.6,469.18,469.46,14.92606
2018-07-20 05:51,1532037060,469.34,469.49,469.15,469.29,91.43157
2018-07-20 05:52,1532037120,469.22,469.34,468.35,468.64,118.37269
2018-07-20 05:53,1532037180,468.69,469.02,468.38,468.39,109.51158
2018-07-20 05:54,1532037240,468.39,468.47,467.06,467.53,84.14558
2018-07-20 05:55,1532037300,467.49,467.69,467.02,467.45,26.21949
2018-07-20 05:56,1532037360,467.47,467.6,467.0,467.29,66.85499
2018-07-20 05:57,1532037420,467.27,467.31,467.1,467.28,26.00898
2018-07-20 05:58,1532037480,467.28,467.3,466.99,467.3,58.97646
2018-07-20 05:59,1532037540,467.3,468.0,467.27,467.5,64.04538
2018-07-20 06:00,1532037600,467.5,467.73,467.01,467.02,383.45429
2018-07-20 06:01,1532037660,467.38,467.62,467.03,467.32,102.77998
2018-07-20 06:02,1532037720,467.31,467.77,467.23,467.24,175.37736
2018-07-20 06:03,1532037780,467.31,468.88,467.24,468.01,138.15024
2018-07-20 06:04,1532037840,467.89,468.64,467.89,468.63,38.37009
2018-07-20 06:05,1532037900,468.63,468.82,468.28,468.54,66.16704
2018-07-20 06:06,1532037960,468.53,468.98,468.08,468.35,30.46926
2018-07-20 06:07,1532038020,468.2,468.51,467.68,468.07,47.29293
2018-07-20 06:08,1532038080,467.96,468.6,467.2,468.6,62.96923
2018-07-20 06:09,1532038140,468.37,468.51,467.75,468.51,33.08283
2018-07-20 06:10,1532038200,468.51,468.51,468.1,468.26,10.39867
2018-07-20 06:11,1532038260,468.31,468.46,468.3,468.31,12.21436
2018-07-20 06:12,1532038320,468.45,468.46,467.75,467.9,51.10166
2018-07-20 06:13,1532038380,467.83,467.96,467.49,467.49,34.9672
2018-07-20 06:14,1532038440,467.85,469.0,467.56,468.49,97.06109
2018-07-20 06:15,1532038500,468.64,469.28,468.5,469.1,26.3027
2018-07-20 06:16,1532038560,469.27,469.44,468.73,468.97,32.82187
2018-07-20 06:17,1532038620,468.95,469.26,468.92,469.01,29.15705
2018-07-20 06:18,1532038680,469.0,469.66,468.97,469.21,41.61165
2018-07-20 06:19,1532038740,469.21,469.58,469.0,469.33,92.54425
2018-07-20 06:20,1532038800,469.33,469.78,469.25,469.41,102.56718
2018-07-20 06:21,1532038860,469.41,469.44,469.18,469.25,208.24697
2018-07-20 06:22,1532038920,469.32,469.64,469.24,469.25,162.59523
2018-07-20 06:23,1532038980,469.44,470.04,469.24,469.83,109.38652
2018-07-20 06:24,1532039040,469.82,469.97,469.57,469.81,156.04655
2018-07-20 06:25,1532039100,469.88,469.96,469.6,469.7,66.41971
2018-07-20 06:26,1532039160,469.86,469.88,469.69,469.69,106.841
2018-07-20 06:27,1532039220,469.82,469.88,469.51,469.85,65.30896
2018-07-20 06:28,1532039280,469.76,469.82,469.52,469.77,7.52407
2018-07-20 06:29,1532039340,469.7,470.03,469.51,469.94,31.85048
2018-07-20 06:30,1532039400,469.94,470.67,469.94,470.09,30.31799
2018-07-20 06:31,1532039460,470.08,470.76,470.01,470.74,51.58793
2018-07-20 06:32,1532039520,470.44,472.64,470.44,471.87,212.26815
2018-07-20 06:33,1532039580,471.67,472.37,471.64,471.97,32.15686
2018-07-20 06:34,1532039640,471.97,473.5,471.92,473.5,138.12611
2018-07-20 06:35,1532039700,472.97,473.95,472.77,472.9,363.97802
2018-07-20 06:36,1532039760,472.77,473.5,472.44,473.12,29.85815
2018-07-20 06:37,1532039820,473.27,474.54,473.27,474.54,126.50151
2018-07-20 06:38,1532039880,474.54,477.7,474.38,477.59,635.69287
2018-07-20 06:39,1532039940,477.53,478.18,474.78,475.16,530.86718
2018-07-20 06:40,1532040000,475.16,475.45,473.16,473.3,234.5657
2018-07-20 06:41,1532040060,473.38,473.92,472.49,472.49,129.04771
2018-07-20 06:42,1532040120,472.5,472.9,472.18,472.88,46.85113
2018-07-20 06:43,1532040180,472.88,473.21,472.01,472.53,107.969
2018-07-20 06:44,1532040240,472.53,472.93,472.12,472.72,85.29533
2018-07-20 06:45,1532040300,472.43,472.45,471.66,471.66,35.55915
2018-07-20 06:46,1532040360,471.66,471.93,470.21,470.23,149.93234
2018-07-20 06:47,1532040420,470.26,470.74,470.0,470.47,84.012
2018-07-20 06:48,1532040480,470.63,470.99,470.33,470.97,65.7222
2018-07-20 06:49,1532040540,470.62,471.54,470.62,471.44,104.72539
2018-07-20 06:50,1532040600,471.01,471.67,470.33,470.56,75.55847
2018-07-20 06:51,1532040660,470.48,470.92,470.33,470.35,45.45423
2018-07-20 06:52,1532040720,470.38,470.58,470.02,470.27,67.82253
2018-07-20 06:53,1532040780,470.25,470.25,469.0,469.0,169.95491
2018-07-20 06:54,1532040840,469.0,469.01,468.13,468.66,31.04483
2018-07-20 06:55,1532040900,468.62,469.1,468.45,468.91,151.3126
2018-07-20 06:56,1532040960,468.88,469.0,468.08,468.66,84.04108
2018-07-20 06:57,1532041020,468.85,469.0,468.54,468.76,10.83186
2018-07-20 06:58,1532041080,468.99,469.0,468.84,468.85,39.5141
2018-07-20 06:59,1532041140,468.85,469.29,468.83,468.99,42.5278
2018-07-20 07:00,1532041200,469.16,470.0,468.98,469.95,103.79528
2018-07-20 07:01,1532041260,469.95,470.34,469.09,470.0,79.37958
2018-07-20 07:02,1532041320,469.86,470.17,469.74,470.12,52.11083
2018-07-20 07:03,1532041380,469.93,470.68,469.88,470.34,45.73626
2018-07-20 07:04,1532041440,470.34,470.93,470.34,470.5,33.96337
2018-07-20 07:05,1532041500,470.76,470.76,469.05,469.49,117.67284
2018-07-20 07:06,1532041560,469.69,469.77,468.9,469.38,87.10061
2018-07-20 07:07,1532041620,469.38,469.98,469.03,469.68,75.618
2018-07-20 07:08,1532041680,469.82,470.21,469.44,469.86,79.2921
2018-07-20 07:09,1532041740,469.9,470.12,469.45,469.55,87.89972
2018-07-20 07:10,1532041800,469.55,470.13,469.55,469.67,153.75389
2018-07-20 07:11,1532041860,469.59,470.2,469.55,469.7,47.17301
2018-07-20 07:12,1532041920,469.7,470.14,469.67,469.75,106.69605
2018-07-20 07:13,1532041980,469.76,470.35,469.75,470.19,242.12781
2018-07-20 07:14,1532042040,470.19,470.32,468.39,468.48,330.76246
2018-07-20 07:15,1532042100,468.82,468.97,467.3,467.45,270.16619
2018-07-20 07:16,1532042160,467.75,468.22,467.25,467.75,69.95395
2018-07-20 07:17,1532042220,467.79,468.12,467.35,467.6,27.45542
2018-07-20 07:18,1532042280,468.01,468.01,467.34,467.67,16.18538
2018-07-20 07:19,1532042340,467.61,467.98,467.56,467.95,13.99029
2018-07-20 07:20,1532042400,467.6,467.83,467.01,467.01,74.83559
2018-07-20 07:21,1532042460,467.3,467.3,466.5,467.0,55.99144
2018-07-20 07:22,1532042520,467.0,467.37,466.84,467.19,34.72146
2018-07-20 07:23,1532042580,467.04,467.6,467.03,467.5,26.6155
2018-07-20 07:24,1532042640,467.48,468.13,467.47,467.92,62.65191
2018-07-20 07:25,1532042700,467.76,468.12,467.75,468.12,58.90977
2018-07-20 07:26,1532042760,467.88,469.3,467.75,468.63,159.61511
2018-07-20 07:27,1532042820,468.9,469.2,468.63,468.88,42.47068
2018-07-20 07:28,1532042880,468.76,468.89,468.51,468.72,25.74525
2018-07-20 07:29,1532042940,468.8,468.81,468.42,468.8,34.63764
2018-07-20 07:30,1532043000,468.67,468.97,468.67,468.83,27.79529
2018-07-20 07:31,1532043060,468.83,469.33,468.82,469.0,29.66606
2018-07-20 07:32,1532043120,469.0,469.15,468.83,468.87,30.49018
2018-07-20 07:33,1532043180,468.86,469.23,468.83,469.18,34.72948
2018-07-20 07:34,1532043240,469.25,469.33,468.82,469.08,32.13916
2018-07-20 07:35,1532043300,468.93,469.11,468.82,469.05,44.00661
2018-07-20 07:36,1532043360,468.88,468.88,468.25,468.25,160.99961
2018-07-20 07:37,1532043420,468.26,468.79,468.26,468.65,43.17688
2018-07-20 07:38,1532043480,468.64,468.66,468.11,468.43,51.2593
2018-07-20 07:39,1532043540,468.23,469.09,468.14,468.58,65.62335
2018-07-20 07:40,1532043600,468.87,469.04,468.6,468.83,86.61655
2018-07-20 07:41,1532043660,468.84,469.48,468.6,468.71,234.68542
2018-07-20 07:42,1532043720,469.22,469.54,468.36,469.48,44.29617
2018-07-20 07:43,1532043780,469.35,469.61,468.56,468.99,13.62178
2018-07-20 07:44,1532043840,468.83,469.27,468.52,468.64,19.90632
2018-07-20 07:45,1532043900,468.84,469.03,468.46,469.03,40.32732
2018-07-20 07:46,1532043960,468.95,469.19,468.68,469.0,13.12045
2018-07-20 07:47,1532044020,469.08,469.08,468.01,468.35,141.17032
2018-07-20 07:48,1532044080,468.06,468.68,467.62,467.95,55.25637
2018-07-20 07:49,1532044140,467.95,468.5,467.85,468.47,31.00131
2018-07-20 07:50,1532044200,468.49,468.79,468.14,468.79,25.70491
2018-07-20 07:51,1532044260,468.69,468.9,467.97,468.83,117.97002
2018-07-20 07:52,1532044320,468.36,468.66,467.96,468.14,30.69512
2018-07-20 07:53,1532044380,468.57,468.91,468.14,468.91,97.19201
2018-07-20 07:54,1532044440,468.15,468.57,468.0,468.43,24.53613
2018-07-20 07:55,1532044500,468.19,468.8,468.19,468.53,14.20691
2018-07-20 07:56,1532044560,468.53,469.0,468.43,469.0,26.44803
2018-07-20 07:57,1532044620,469.11,469.11,468.2,468.25,22.89812
2018-07-20 07:58,1532044680,468.55,468.82,468.21,468.53,14.93212
2018-07-20 07:59,1532044740,468.53,468.91,468.21,468.57,35.89363
2018-07-20 08:00,1532044800,468.7,469.01,468.58,468.94,113.23364
2018-07-20 08:01,1532044860,468.58,468.86,467.79,468.37,49.57217
2018-07-20 08:02,1532044920,468.36,468.39,467.18,467.94,159.22929
2018-07-20 08:03,1532044980,467.54,467.85,466.41,466.63,98.28663
2018-07-20 08:04,1532045040,466.63,466.9,466.03,466.11,89.78376
2018-07-20 08:05,1532045100,466.1,466.82,466.0,466.74,72.7376
2018-07-20 08:06,1532045160,466.54,466.83,466.23,466.75,44.13808
2018-07-20 08:07,1532045220,466.52,466.7,464.37,465.02,1470.38776
2018-07-20 08:08,1532045280,465.52,465.61,465.03,465.18,22.67116
2018-07-20 08:09,1532045340,465.18,465.62,465.17,465.41,81.65094
2018-07-20 08:10,1532045400,465.4,465.92,465.15,465.41,99.33054
2018-07-20 08:11,1532045460,465.29,465.42,465.0,465.23,43.52439
2018-07-20 08:12,1532045520,465.0,465.22,463.39,464.25,207.70238
2018-07-20 08:13,1532045580,464.27,464.5,463.35,463.84,59.95629
2018-07-20 08:14,1532045640,463.82,464.18,463.13,463.49,49.68064
2018-07-20 08:15,1532045700,463.42,463.95,463.34,463.46,118.08637
2018-07-20 08:16,1532045760,463.15,463.62,463.14,463.5,33.7294
2018-07-20 08:17,1532045820,463.53,463.65,463.26,463.53,57.89031
2018-07-20 08:18,1532045880,463.35,463.56,463.16,463.47,139.6369
2018-07-20 08:19,1532045940,463.47,464.4,463.24,464.15,188.72158
2018-07-20 08:20,1532046000,464.15,464.4,464.0,464.36,57.16934
2018-07-20 08:21,1532046060,464.24,464.44,464.02,464.16,73.03597
2018-07-20 08:22,1532046120,464.17,464.42,463.16,464.42,101.95606
2018-07-20 08:23,1532046180,463.71,464.03,463.33,463.67,31.23988
2018-07-20 08:24,1532046240,463.76,463.84,463.41,463.73,34.02988
2018-07-20 08:25,1532046300,463.79,463.92,463.45,463.77,36.78207
2018-07-20 08:26,1532046360,463.65,464.42,463.55,464.0,24.69223
2018-07-20 08:27,1532046420,463.82,463.96,463.68,463.72,40.47417
2018-07-20 08:28,1532046480,463.68,463.68,463.16,463.4,26.07332
2018-07-20 08:29,1532046540,463.38,463.38,462.0,462.78,681.52199
2018-07-20 08:30,1532046600,462.63,462.77,461.68,462.01,193.03301
2018-07-20 08:31,1532046660,461.86,461.86,461.02,461.3,261.0269
2018-07-20 08:32,1532046720,461.29,461.58,460.1,460.26,329.96635
2018-07-20 08:33,1532046780,460.28,460.68,460.1,460.52,432.57084
2018-07-20 08:34,1532046840,460.53,461.78,460.33,461.59,173.67966
2018-07-20 08:35,1532046900,461.57,461.59,460.84,461.26,62.0697
2018-07-20 08:36,1532046960,461.13,461.27,461.03,461.26,23.675
2018-07-20 08:37,1532047020,461.16,461.25,460.78,461.01,24.95599
2018-07-20 08:38,1532047080,461.01,461.25,460.71,460.82,42.56809
2018-07-20 08:39,1532047140,460.82,461.06,460.49,460.71,49.26796
2018-07-20 08:40,1532047200,460.96,460.96,460.51,460.71,90.46883
2018-07-20 08:41,1532047260,460.71,461.26,460.56,461.07,145.75931
2018-07-20 08:42,1532047320,461.01,461.52,461.01,461.39,87.6538
2018-07-20 08:43,1532047380,461.42,462.21,461.42,462.2,58.9702
2018-07-20 08:44,1532047440,462.19,463.29,462.04,462.93,103.00863
2018-07-20 08:45,1532047500,462.72,463.0,462.29,462.88,50.6161
2018-07-20 08:46,1532047560,462.7,462.92,462.01,462.37,60.19429
2018-07-20 08:47,1532047620,462.33,462.78,462.11,462.34,100.1273
2018-07-20 08:48,1532047680,462.36,462.41,461.91,462.21,25.68684
2018-07-20 08:49,1532047740,462.21,462.67,461.17,461.24,112.86851
2018-07-20 08:50,1532047800,461.25,461.53,461.21,461.21,33.64856
2018-07-20 08:51,1532047860,461.22,461.44,461.01,461.37,49.89943
2018-07-20 08:52,1532047920,461.37,461.9,461.14,461.4,45.82397
2018-07-20 08:53,1532047980,461.4,461.59,461.01,461.01,73.62216
2018-07-20 08:54,1532048040,461.01,461.33,460.56,460.81,62.79202
2018-07-20 08:55,1532048100,460.61,460.85,460.37,460.37,82.54301
2018-07-20 08:56,1532048160,460.37,460.7,460.37,460.41,40.95792
2018-07-20 08:57,1532048220,460.4,460.53,460.16,460.45,71.50609
2018-07-20 08:58,1532048280,460.38,460.45,460.3,460.31,106.18237
2018-07-20 08:59,1532048340,460.31,460.51,460.1,460.48,154.57204
2018-07-20 09:00,1532048400,460.29,460.46,460.07,460.11,85.37199
2018-07-20 09:01,1532048460,460.11,460.64,459.43,459.95,363.48426
2018-07-20 09:02,1532048520,460.0,460.37,459.54,459.64,275.54805
2018-07-20 09:03,1532048580,459.64,460.08,459.41,459.44,123.69329
2018-07-20 09:04,1532048640,459.62,459.8,459.19,459.58,175.55844
2018-07-20 09:05,1532048700,459.41,459.76,458.85,459.46,297.74362
2018-07-20 09:06,1532048760,459.29,459.92,458.59,459.92,338.69871
2018-07-20 09:07,1532048820,459.72,460.01,459.58,459.93,254.81698
2018-07-20 09:08,1532048880,459.92,460.31,459.92,460.08,151.77967
2018-07-20 09:09,1532048940,460.13,460.26,459.62,459.64,25.88108
2018-07-20 09:10,1532049000,459.64,460.15,459.45,459.56,68.42096
2018-07-20 09:11,1532049060,459.45,459.97,459.01,459.34,123.39762
2018-07-20 09:12,1532049120,459.36,459.97,459.07,459.44,99.08604
2018-07-20 09:13,1532049180,459.44,459.77,459.12,459.58,141.35748
2018-07-20 09:14,1532049240,459.58,459.98,459.43,459.68,83.03318
2018-07-20 09:15,1532049300,459.75,460.0,459.42,459.73,98.66488
2018-07-20 09:16,1532049360,460.0,460.26,459.25,460.14,109.76198
2018-07-20 09:17,1532049420,460.14,461.19,460.0,461.01,135.4259
2018-07-20 09:18,1532049480,461.1,461.82,458.73,461.56,347.67473
2018-07-20 09:19,1532049540,461.32,461.83,461.23,461.83,67.03712
2018-07-20 09:20,1532049600,461.9,462.0,461.67,461.85,64.81468
2018-07-20 09:21,1532049660,461.72,462.0,461.54,461.76,99.96413
2018-07-20 09:22,1532049720,461.6,461.99,461.56,461.84,141.13061
2018-07-20 09:23,1532049780,461.91,462.21,461.7,461.71,231.87154
2018-07-20 09:24,1532049840,461.71,462.2,461.7,461.96,135.34213
2018-07-20 09:25,1532049900,461.98,461.98,460.86,461.46,207.09289
2018-07-20 09:26,1532049960,461.45,461.59,461.11,461.59,110.47126
2018-07-20 09:27,1532050020,461.6,461.8,461.33,461.62,57.68827
2018-07-20 09:28,1532050080,461.64,461.99,461.31,461.36,82.89836
2018-07-20 09:29,1532050140,461.4,462.0,461.34,461.42,76.67154
2018-07-20 09:30,1532050200,461.42,461.74,461.24,461.49,93.90749
2018-07-20 09:31,1532050260,461.48,461.74,461.3,461.3,86.37897
2018-07-20 09:32,1532050320,461.3,461.51,461.07,461.32,83.06062
2018-07-20 09:33,1532050380,461.31,461.41,461.0,461.26,52.70352
2018-07-20 09:34,1532050440,461.25,461.6,461.15,461.21,133.09566
2018-07-20 09:35,1532050500,461.18,461.99,461.0,461.24,520.36407
2018-07-20 09:36,1532050560,461.49,462.22,461.12,461.67,120.1472
2018-07-20 09:37,1532050620,462.02,462.15,461.59,461.62,105.66813
2018-07-20 09:38,1532050680,461.86,462.3,461.67,461.9,29.63862
2018-07-20 09:39,1532050740,462.07,462.07,461.7,462.0,12.37196
2018-07-20 09:40,1532050800,461.91,461.99,461.83,461.88,59.40111
2018-07-20 09:41,1532050860,461.88,462.01,461.85,462.01,38.27712
2018-07-20 09:42,1532050920,461.99,462.07,461.04,461.89,100.28441
2018-07-20 09:43,1532050980,462.02,462.19,461.81,462.19,15.92449
2018-07-20 09:44,1532051040,462.19,462.3,461.96,462.09,28.26455
2018-07-20 09:45,1532051100,462.11,462.27,462.1,462.21,23.94095
2018-07-20 09:46,1532051160,462.16,462.3,462.0,462.14,27.35685
2018-07-20 09:47,1532051220,462.26,462.3,461.34,462.26,54.26105
2018-07-20 09:48,1532051280,462.25,462.3,461.34,461.93,81.13692
2018-07-20 09:49,1532051340,461.99,462.45,461.75,462.45,24.15131
2018-07-20 09:50,1532051400,462.39,462.79,462.14,462.3,39.18714
2018-07-20 09:51,1532051460,462.6,462.79,462.32,462.75,89.65879
2018-07-20 09:52,1532051520,462.75,463.04,462.75,462.75,399.99778
2018-07-20 09:53,1532051580,463.0,463.01,462.75,462.84,176.5878
2018-07-20 09:54,1532051640,462.85,463.38,462.75,463.21,143.10343
2018-07-20 09:55,1532051700,463.2,463.49,463.12,463.33,46.41343
2018-07-20 09:56,1532051760,463.49,464.08,463.36,463.8,35.42705
2018-07-20 09:57,1532051820,463.82,464.59,463.82,464.47,87.24584
2018-07-20 09:58,1532051880,464.47,464.74,464.32,464.61,75.51013
2018-07-20 09:59,1532051940,464.6,464.8,464.26,464.51,54.84417
2018-07-20 10:00,1532052000,464.53,464.76,464.49,464.51,67.57522
2018-07-20 10:01,1532052060,464.53,464.8,463.74,463.92,239.91391
2018-07-20 10:02,1532052120,463.74,464.4,463.73,464.15,121.96264
2018-07-20 10:03,1532052180,464.16,464.44,463.99,464.2,80.31169
2018-07-20 10:04,1532052240,464.28,465.64,464.28,465.0,319.10326
2018-07-20 10:05,1532052300,465.01,465.5,464.79,465.01,48.89939
2018-07-20 10:06,1532052360,465.01,465.4,464.5,465.15,28.60622
2018-07-20 10:07,1532052420,465.15,465.67,465.06,465.54,56.57526
2018-07-20 10:08,1532052480,465.55,465.62,465.03,465.38,40.02716
2018-07-20 10:09,1532052540,465.4,465.62,465.17,465.47,50.09602
2018-07-20 10:10,1532052600,465.25,465.99,465.23,465.98,57.50817
2018-07-20 10:11,1532052660,465.72,466.0,465.24,465.28,28.38424
2018-07-20 10:12,1532052720,465.35,465.8,465.28,465.54,33.91798
2018-07-20 10:13,1532052780,465.69,465.99,465.5,465.96,56.29345
2018-07-20 10:14,1532052840,465.82,465.85,465.5,465.74,73.81798
2018-07-20 10:15,1532052900,465.72,465.96,465.57,465.7,60.9613
2018-07-20 10:16,1532052960,465.9,466.1,465.57,465.96,167.88882
2018-07-20 10:17,1532053020,465.93,466.19,465.81,466.01,38.1974
2018-07-20 10:18,1532053080,466.02,466.16,465.75,465.98,33.4758
2018-07-20 10:19,1532053140,465.97,465.97,465.74,465.74,30.50367
2018-07-20 10:20,1532053200,465.74,465.89,465.59,465.74,87.30327
2018-07-20 10:21,1532053260,465.75,465.9,465.63,465.84,41.15184
2018-07-20 10:22,1532053320,465.85,465.85,465.6,465.7,56.27658
2018-07-20 10:23,1532053380,465.69,465.69,465.51,465.64,40.39163
2018-07-20 10:24,1532053440,465.58,465.64,465.2,465.51,142.64292
2018-07-20 10:25,1532053500,465.37,465.54,465.27,465.48,56.06933
2018-07-20 10:26,1532053560,465.4,465.66,465.18,465.59,77.04523
2018-07-20 10:27,1532053620,465.37,465.64,465.3,465.35,52.6077
2018-07-20 10:28,1532053680,465.34,465.66,465.31,465.35,42.25631
2018-07-20 10:29,1532053740,465.42,465.47,465.09,465.25,44.65541
2018-07-20 10:30,1532053800,465.17,465.57,465.17,465.56,38.77763
2018-07-20 10:31,1532053860,465.57,466.15,465.57,465.98,39.51836
2018-07-20 10:32,1532053920,466.12,466.22,465.98,466.22,70.699
2018-07-20 10:33,1532053980,466.18,466.43,466.05,466.26,54.23821
2018-07-20 10:34,1532054040,466.25,466.44,466.25,466.43,24.62282
2018-07-20 10:35,1532054100,466.43,466.62,466.43,466.48,53.6807
2018-07-20 10:36,1532054160,466.48,466.92,466.43,466.84,94.0754
2018-07-20 10:37,1532054220,466.84,467.1,466.67,466.93,187.49263
2018-07-20 10:38,1532054280,467.09,467.21,467.02,467.11,211.30366
2018-07-20 10:39,1532054340,467.11,467.37,466.68,466.99,48.30114
2018-07-20 10:40,1532054400,466.99,467.11,466.59,466.73,42.03181
2018-07-20 10:41,1532054460,466.8,467.02,466.43,466.55,128.52995
2018-07-20 10:42,1532054520,466.72,467.49,466.71,467.03,94.59522
2018-07-20 10:43,1532054580,467.05,467.23,467.05,467.2,118.32043
2018-07-20 10:44,1532054640,467.21,467.21,466.76,467.2,104.18961
2018-07-20 10:45,1532054700,467.21,467.5,467.09,467.42,19.60366
2018-07-20 10:46,1532054760,467.42,467.81,467.34,467.81,25.05689
2018-07-20 10:47,1532054820,467.8,467.87,467.53,467.62,53.01981
2018-07-20 10:48,1532054880,467.74,467.74,467.29,467.39,40.80578
2018-07-20 10:49,1532054940,467.49,467.88,467.37,467.57,46.62456
2018-07-20 10:50,1532055000,467.79,467.98,467.79,467.83,100.50466
2018-07-20 10:51,1532055060,467.84,468.0,467.67,468.0,161.35271
2018-07-20 10:52,1532055120,468.0,468.0,467.68,467.88,126.79692
2018-07-20 10:53,1532055180,467.88,467.89,467.68,467.68,112.62267
2018-07-20 10:54,1532055240,467.68,467.84,467.28,467.53,54.26989
2018-07-20 10:55,1532055300,467.51,467.82,467.39,467.65,58.73721
2018-07-20 10:56,1532055360,467.51,467.66,467.45,467.55,105.59973
2018-07-20 10:57,1532055420,467.58,467.65,467.5,467.5,96.32393
2018-07-20 10:58,1532055480,467.62,467.62,467.38,467.38,117.02571
2018-07-20 10:59,1532055540,467.51,467.54,467.28,467.28,83.41447
2018-07-20 11:00,1532055600,467.44,467.61,467.29,467.47,122.74863
2018-07-20 11:01,1532055660,467.46,467.61,467.28,467.28,101.66442
2018-07-20 11:02,1532055720,467.28,467.38,466.85,467.06,36.5793
2018-07-20 11:03,1532055780,467.07,467.1,466.82,467.0,38.69261
2018-07-20 11:04,1532055840,467.1,467.2,466.8,466.94,49.37537
2018-07-20 11:05,1532055900,466.93,467.1,466.57,466.93,35.49838
2018-07-20 11:06,1532055960,466.89,467.09,466.43,466.68,70.78761
2018-07-20 11:07,1532056020,466.67,467.1,466.51,466.82,138.37359
2018-07-20 11:08,1532056080,466.85,467.1,466.69,466.69,17.83063
2018-07-20 11:09,1532056140,466.73,467.09,466.51,466.55,135.96335
2018-07-20 11:10,1532056200,466.54,466.85,466.31,466.49,263.30779
2018-07-20 11:11,1532056260,466.49,466.89,466.03,466.49,58.66199
2018-07-20 11:12,1532056320,466.24,466.55,466.24,466.53,30.89196
2018-07-20 11:13,1532056380,466.45,466.55,466.38,466.55,35.92969
2018-07-20 11:14,1532056440,466.48,466.55,466.16,466.55,38.58922
2018-07-20 11:15,1532056500,466.55,466.84,466.35,466.83,97.96377
2018-07-20 11:16,1532056560,466.51,466.84,466.51,466.69,73.68924
2018-07-20 11:17,1532056620,466.68,467.1,466.35,467.0,67.57429
2018-07-20 11:18,1532056680,466.95,467.0,466.48,466.48,28.28514
2018-07-20 11:19,1532056740,466.48,466.91,466.14,466.27,60.20427
2018-07-20 11:20,1532056800,466.67,466.76,466.1,466.57,32.50691
2018-07-20 11:21,1532056860,466.33,466.52,466.15,466.46,85.38753
2018-07-20 11:22,1532056920,466.29,466.5,465.37,466.24,69.3749
2018-07-20 11:23,1532056980,466.24,466.24,465.85,466.13,33.47205
2018-07-20 11:24,1532057040,466.04,466.04,465.69,465.99,59.17996
2018-07-20 11:25,1532057100,465.79,465.97,465.7,465.83,88.1924
2018-07-20 11:26,1532057160,465.87,465.91,465.72,465.85,112.05363
2018-07-20 11:27,1532057220,465.72,465.87,465.12,465.72,92.90718
2018-07-20 11:28,1532057280,465.71,466.0,465.35,465.52,98.02638
2018-07-20 11:29,1532057340,465.53,465.74,465.05,465.05,109.46601
2018-07-20 11:30,1532057400,465.16,465.49,465.01,465.35,77.07303
2018-07-20 11:31,1532057460,465.33,465.74,465.0,465.08,183.48063
2018-07-20 11:32,1532057520,465.38,465.74,465.24,465.72,18.87228
2018-07-20 11:33,1532057580,465.72,465.74,465.52,465.74,40.80786
2018-07-20 11:34,1532057640,465.56,465.74,465.56,465.59,62.40325
2018-07-20 11:35,1532057700,465.73,465.95,465.59,465.88,172.95967
2018-07-20 11:36,1532057760,465.61,466.0,465.61,465.8,323.386
2018-07-20 11:37,1532057820,465.82,466.78,465.82,466.52,183.30126
2018-07-20 11:38,1532057880,466.51,466.63,465.98,466.36,31.87384
2018-07-20 11:39,1532057940,466.36,466.65,466.36,466.61,217.73892
2018-07-20 11:40,1532058000,466.5,466.65,466.32,466.52,104.95583
2018-07-20 11:41,1532058060,466.49,466.88,466.33,466.82,142.56236
2018-07-20 11:42,1532058120,466.88,467.07,466.48,466.56,188.51927
2018-07-20 11:43,1532058180,466.65,466.65,466.33,466.34,237.95405
2018-07-20 11:44,1532058240,466.34,466.34,466.13,466.13,227.66171
2018-07-20 11:45,1532058300,466.27,466.54,466.12,466.31,155.65741
2018-07-20 11:46,1532058360,466.3,466.31,466.19,466.19,131.02924
2018-07-20 11:47,1532058420,466.24,466.54,466.19,466.35,75.20065
2018-07-20 11:48,1532058480,466.34,466.71,466.07,466.48,185.56164
2018-07-20 11:49,1532058540,466.48,466.9,466.32,466.7,412.24418
2018-07-20 11:50,1532058600,466.68,466.9,466.31,466.7,255.80963
2018-07-20 11:51,1532058660,466.71,466.77,466.17,466.67,64.22444
2018-07-20 11:52,1532058720,466.59,466.7,466.16,466.49,28.58349
2018-07-20 11:53,1532058780,466.61,466.7,466.17,466.69,118.72803
2018-07-20 11:54,1532058840,466.49,466.8,466.18,466.8,261.5139
2018-07-20 11:55,1532058900,466.74,466.99,466.73,466.99,461.52228
2018-07-20 11:56,1532058960,466.99,467.08,465.86,466.53,307.49957
2018-07-20 11:57,1532059020,466.24,466.73,466.21,466.21,294.76131
2018-07-20 11:58,1532059080,466.39,466.86,466.21,466.86,293.14024
2018-07-20 11:59,1532059140,466.6,466.93,466.44,466.59,110.66241
2018-07-20 12:00,1532059200,466.59,466.98,466.53,466.78,276.28432
2018-07-20 12:01,1532059260,466.79,466.95,466.21,466.44,77.34712
2018-07-20 12:02,1532059320,466.42,466.42,465.41,466.02,41.91864
2018-07-20 12:03,1532059380,466.02,466.35,465.56,465.99,33.39389
2018-07-20 12:04,1532059440,465.98,466.35,465.44,465.44,35.54591
2018-07-20 12:05,1532059500,465.74,466.02,465.18,465.18,25.51284
2018-07-20 12:06,1532059560,465.18,465.59,465.15,465.54,19.20942
2018-07-20 12:07,1532059620,465.49,465.54,465.0,465.36,21.22611
2018-07-20 12:08,1532059680,465.35,465.35,465.0,465.18,220.4828
2018-07-20 12:09,1532059740,465.18,465.24,464.66,464.84,82.25985
2018-07-20 12:10,1532059800,464.84,464.94,464.62,464.65,53.04734
2018-07-20 12:11,1532059860,464.66,464.93,464.66,464.82,66.34545
2018-07-20 12:12,1532059920,464.86,464.94,464.72,464.73,184.71771
2018-07-20 12:13,1532059980,464.82,464.94,464.5,464.78,71.38299
2018-07-20 12:14,1532060040,464.78,464.91,464.51,464.76,18.84696
2018-07-20 12:15,1532060100,464.73,464.75,464.29,464.3,113.03562
2018-07-20 12:16,1532060160,464.36,464.57,464.07,464.33,30.43201
2018-07-20 12:17,1532060220,464.33,464.54,464.18,464.37,52.20293
2018-07-20 12:18,1532060280,464.22,464.77,464.22,464.56,123.79498
2018-07-20 12:19,1532060340,464.7,464.86,464.59,464.81,151.42115
2018-07-20 12:20,1532060400,464.63,464.68,464.38,464.38,19.81921
2018-07-20 12:21,1532060460,464.43,464.51,464.19,464.45,31.76443
2018-07-20 12:22,1532060520,464.33,464.45,464.1,464.11,18.24339
2018-07-20 12:23,1532060580,464.1,464.45,464.02,464.38,30.0353
2018-07-20 12:24,1532060640,464.15,464.27,464.11,464.27,209.33392
2018-07-20 12:25,1532060700,464.27,464.86,464.26,464.47,131.21809
2018-07-20 12:26,1532060760,464.39,464.54,464.39,464.39,28.13935
2018-07-20 12:27,1532060820,464.46,464.56,464.27,464.33,26.54623
2018-07-20 12:28,1532060880,464.19,464.37,463.74,464.04,93.52048
2018-07-20 12:29,1532060940,464.01,464.29,463.63,464.09,71.68862
2018-07-20 12:30,1532061000,464.16,464.16,463.75,464.08,41.98378
2018-07-20 12:31,1532061060,464.08,464.26,463.83,464.06,31.99518
2018-07-20 12:32,1532061120,463.96,464.25,463.87,464.04,41.52421
2018-07-20 12:33,1532061180,464.04,464.24,463.75,464.02,20.15738
2018-07-20 12:34,1532061240,464.0,464.01,463.79,464.01,17.96683
2018-07-20 12:35,1532061300,463.93,464.3,463.86,464.12,54.22586
2018-07-20 12:36,1532061360,464.3,464.81,464.0,464.36,58.04013
2018-07-20 12:37,1532061420,464.56,464.73,464.02,464.02,140.62698
2018-07-20 12:38,1532061480,464.04,464.46,463.96,464.28,37.9118
2018-07-20 12:39,1532061540,464.28,464.42,464.0,464.23,29.01758
2018-07-20 12:40,1532061600,464.13,464.23,463.79,464.12,48.60809
2018-07-20 12:41,1532061660,464.11,464.23,463.74,464.18,24.4718
