date,timechuo,open,high,low,close,vol
2019-11-08 07:33,1573169580,186.99,187.06,186.98,187.04,49.46053
2019-11-08 07:34,1573169640,187.01,187.03,186.98,186.99,133.36848
2019-11-08 07:35,1573169700,186.98,187.0,186.91,186.92,68.01564
2019-11-08 07:36,1573169760,186.92,186.92,186.85,186.9,50.98172
2019-11-08 07:37,1573169820,186.87,187.0,186.87,187.0,104.87772
2019-11-08 07:38,1573169880,186.99,187.06,186.99,187.06,189.01308
2019-11-08 07:39,1573169940,187.03,187.06,186.98,187.01,25.98441
2019-11-08 07:40,1573170000,187.01,187.04,186.98,187.02,28.22519
2019-11-08 07:41,1573170060,187.02,187.02,186.76,186.82,408.82311
2019-11-08 07:42,1573170120,186.81,186.9,186.8,186.85,90.31923
2019-11-08 07:43,1573170180,186.86,186.89,186.77,186.86,55.09809
2019-11-08 07:44,1573170240,186.83,186.83,186.76,186.82,83.24436
2019-11-08 07:45,1573170300,186.79,186.84,186.76,186.79,34.32954
2019-11-08 07:46,1573170360,186.79,186.87,186.78,186.83,40.35967
2019-11-08 07:47,1573170420,186.82,186.98,186.67,186.93,147.69287
2019-11-08 07:48,1573170480,186.92,186.97,186.77,186.91,127.06479
2019-11-08 07:49,1573170540,186.89,186.91,186.79,186.86,60.52358
2019-11-08 07:50,1573170600,186.86,186.96,186.84,186.89,47.65321
2019-11-08 07:51,1573170660,186.89,186.89,186.79,186.81,43.71619
2019-11-08 07:52,1573170720,186.86,186.91,186.83,186.89,61.95864
2019-11-08 07:53,1573170780,186.88,186.88,186.73,186.76,60.9997
2019-11-08 07:54,1573170840,186.74,186.83,186.68,186.74,63.40284
2019-11-08 07:55,1573170900,186.75,186.86,186.75,186.8,42.04409
2019-11-08 07:56,1573170960,186.81,186.81,186.69,186.7,94.13025
2019-11-08 07:57,1573171020,186.71,186.74,186.67,186.67,62.10094
2019-11-08 07:58,1573171080,186.69,186.73,186.61,186.61,106.02946
2019-11-08 07:59,1573171140,186.61,186.71,186.6,186.68,145.34454
2019-11-08 08:00,1573171200,186.67,186.77,186.65,186.73,152.73504
2019-11-08 08:01,1573171260,186.74,186.87,186.72,186.83,400.63973
2019-11-08 08:02,1573171320,186.84,186.88,186.7,186.81,84.23403
2019-11-08 08:03,1573171380,186.81,186.86,186.73,186.78,20.98987
2019-11-08 08:04,1573171440,186.74,186.79,186.69,186.73,98.32734
2019-11-08 08:05,1573171500,186.76,186.76,186.5,186.7,295.09876
2019-11-08 08:06,1573171560,186.7,186.7,186.5,186.51,132.6369
2019-11-08 08:07,1573171620,186.5,186.51,186.38,186.47,172.5011
2019-11-08 08:08,1573171680,186.52,186.59,186.46,186.51,178.1841
2019-11-08 08:09,1573171740,186.53,186.64,186.44,186.44,210.13646
2019-11-08 08:10,1573171800,186.46,186.53,186.35,186.49,97.5063
2019-11-08 08:11,1573171860,186.45,186.52,186.39,186.52,46.00284
2019-11-08 08:12,1573171920,186.48,186.48,186.28,186.28,164.39546
2019-11-08 08:13,1573171980,186.28,186.42,186.2,186.34,104.35833
2019-11-08 08:14,1573172040,186.38,186.59,186.34,186.54,112.85556
2019-11-08 08:15,1573172100,186.54,186.59,186.36,186.4,104.86107
2019-11-08 08:16,1573172160,186.38,186.45,186.27,186.27,82.40902
2019-11-08 08:17,1573172220,186.29,186.49,186.28,186.32,218.86801
2019-11-08 08:18,1573172280,186.32,186.35,186.26,186.32,68.40455
2019-11-08 08:19,1573172340,186.28,186.52,186.2,186.49,320.41184
2019-11-08 08:20,1573172400,186.49,186.53,186.39,186.51,102.06202
2019-11-08 08:21,1573172460,186.51,186.63,186.45,186.61,140.42497
2019-11-08 08:22,1573172520,186.6,186.72,186.53,186.68,78.73089
2019-11-08 08:23,1573172580,186.67,186.71,186.55,186.66,40.27865
2019-11-08 08:24,1573172640,186.68,186.68,186.55,186.61,186.34169
2019-11-08 08:25,1573172700,186.65,186.67,186.57,186.6,35.22323
2019-11-08 08:26,1573172760,186.61,186.68,186.58,186.63,54.7455
2019-11-08 08:27,1573172820,186.62,186.67,186.56,186.57,57.12006
2019-11-08 08:28,1573172880,186.56,186.72,186.56,186.61,272.47544
2019-11-08 08:29,1573172940,186.65,186.72,186.61,186.67,57.97627
2019-11-08 08:30,1573173000,186.66,186.7,186.56,186.7,100.18956
2019-11-08 08:31,1573173060,186.7,186.91,186.68,186.85,153.14732
2019-11-08 08:32,1573173120,186.86,186.92,186.77,186.83,196.22232
2019-11-08 08:33,1573173180,186.82,187.05,186.81,187.03,158.24016
2019-11-08 08:34,1573173240,187.01,187.03,186.95,187.03,52.94816
2019-11-08 08:35,1573173300,187.03,187.09,187.0,187.03,142.93027
2019-11-08 08:36,1573173360,187.04,187.07,186.97,187.07,178.49898
2019-11-08 08:37,1573173420,187.09,187.11,186.95,186.97,71.04961
2019-11-08 08:38,1573173480,186.96,187.0,186.9,186.95,115.72033
2019-11-08 08:39,1573173540,186.92,187.0,186.84,186.97,237.38707
2019-11-08 08:40,1573173600,186.98,187.09,186.96,186.96,104.73209
2019-11-08 08:41,1573173660,186.96,187.06,186.92,187.04,59.91475
2019-11-08 08:42,1573173720,187.04,187.12,187.02,187.09,70.90795
2019-11-08 08:43,1573173780,187.09,187.18,187.08,187.17,114.68963
2019-11-08 08:44,1573173840,187.17,187.18,187.09,187.14,74.96649
2019-11-08 08:45,1573173900,187.14,187.18,187.09,187.09,222.63844
2019-11-08 08:46,1573173960,187.11,187.17,187.02,187.02,247.59137
2019-11-08 08:47,1573174020,187.05,187.08,187.0,187.03,150.00598
2019-11-08 08:48,1573174080,187.02,187.1,187.01,187.07,67.28752
2019-11-08 08:49,1573174140,187.06,187.15,187.06,187.14,97.65677
2019-11-08 08:50,1573174200,187.15,187.15,187.1,187.15,37.23455
2019-11-08 08:51,1573174260,187.13,187.15,187.1,187.15,39.33068
2019-11-08 08:52,1573174320,187.12,187.21,187.1,187.12,161.69578
2019-11-08 08:53,1573174380,187.11,187.14,187.04,187.06,142.97004
2019-11-08 08:54,1573174440,187.08,187.11,187.03,187.03,112.14566
2019-11-08 08:55,1573174500,187.04,187.07,187.0,187.02,118.41592
2019-11-08 08:56,1573174560,187.02,187.18,187.01,187.17,154.69258
2019-11-08 08:57,1573174620,187.16,187.22,187.12,187.21,65.24085
2019-11-08 08:58,1573174680,187.22,187.24,187.17,187.22,44.37966
2019-11-08 08:59,1573174740,187.22,187.24,187.07,187.11,247.67061
2019-11-08 09:00,1573174800,187.13,187.49,187.12,187.44,592.8643
2019-11-08 09:01,1573174860,187.44,187.59,187.26,187.49,307.25186
2019-11-08 09:02,1573174920,187.49,187.56,187.37,187.46,84.64501
2019-11-08 09:03,1573174980,187.46,187.5,187.38,187.44,124.26963
2019-11-08 09:04,1573175040,187.44,187.56,187.37,187.53,261.82639
2019-11-08 09:05,1573175100,187.53,187.66,187.46,187.59,165.7474
2019-11-08 09:06,1573175160,187.6,187.65,187.52,187.6,324.94274
2019-11-08 09:07,1573175220,187.6,187.73,187.53,187.7,453.3219
2019-11-08 09:08,1573175280,187.67,187.75,187.62,187.68,241.6984
2019-11-08 09:09,1573175340,187.72,187.8,187.68,187.78,132.2866
2019-11-08 09:10,1573175400,187.78,187.8,187.62,187.68,261.33327
2019-11-08 09:11,1573175460,187.67,187.7,187.6,187.64,117.40581
2019-11-08 09:12,1573175520,187.64,187.77,187.58,187.73,282.68927
2019-11-08 09:13,1573175580,187.73,187.73,187.67,187.67,57.90682
2019-11-08 09:14,1573175640,187.67,187.81,187.65,187.71,148.95284
2019-11-08 09:15,1573175700,187.72,187.83,187.71,187.78,168.62809
2019-11-08 09:16,1573175760,187.79,187.85,187.78,187.81,65.55949
2019-11-08 09:17,1573175820,187.81,187.9,187.8,187.9,114.47181
2019-11-08 09:18,1573175880,187.9,188.07,187.9,187.96,987.01676
2019-11-08 09:19,1573175940,187.97,188.05,187.95,188.02,80.01582
2019-11-08 09:20,1573176000,188.0,188.03,187.96,188.02,93.53703
2019-11-08 09:21,1573176060,188.03,188.07,188.0,188.05,53.23701
2019-11-08 09:22,1573176120,188.04,188.07,187.97,188.01,236.28752
2019-11-08 09:23,1573176180,188.02,188.02,187.89,187.91,239.95788
2019-11-08 09:24,1573176240,187.9,187.98,187.86,187.92,77.33972
2019-11-08 09:25,1573176300,187.92,188.03,187.9,187.98,134.11067
2019-11-08 09:26,1573176360,187.98,188.07,187.95,188.03,105.39186
2019-11-08 09:27,1573176420,188.03,188.07,188.01,188.07,109.87702
2019-11-08 09:28,1573176480,188.08,188.1,188.01,188.01,117.7719
2019-11-08 09:29,1573176540,188.0,188.1,188.0,188.03,92.30288
2019-11-08 09:30,1573176600,188.04,188.26,188.04,188.13,234.65994
2019-11-08 09:31,1573176660,188.15,188.15,187.91,187.94,180.4383
2019-11-08 09:32,1573176720,187.93,187.98,187.85,187.93,243.74459
2019-11-08 09:33,1573176780,187.92,187.95,187.83,187.87,103.01503
2019-11-08 09:34,1573176840,187.83,187.99,187.76,187.76,108.22727
2019-11-08 09:35,1573176900,187.76,187.77,187.68,187.73,112.84056
2019-11-08 09:36,1573176960,187.73,187.76,187.68,187.71,91.22971
2019-11-08 09:37,1573177020,187.71,187.72,187.58,187.61,157.79976
2019-11-08 09:38,1573177080,187.61,187.69,187.55,187.65,151.14774
2019-11-08 09:39,1573177140,187.66,187.72,187.6,187.61,60.09222
2019-11-08 09:40,1573177200,187.61,187.76,187.6,187.73,77.26479
2019-11-08 09:41,1573177260,187.76,187.8,187.66,187.8,114.65246
2019-11-08 09:42,1573177320,187.8,187.92,187.76,187.88,178.65988
2019-11-08 09:43,1573177380,187.87,187.94,187.85,187.9,76.45088
2019-11-08 09:44,1573177440,187.92,187.92,187.82,187.84,93.4101
2019-11-08 09:45,1573177500,187.88,187.9,187.82,187.82,80.46296
2019-11-08 09:46,1573177560,187.83,187.89,187.8,187.82,46.58126
2019-11-08 09:47,1573177620,187.83,187.84,187.77,187.79,43.48443
2019-11-08 09:48,1573177680,187.78,187.83,187.76,187.79,66.96781
2019-11-08 09:49,1573177740,187.78,187.86,187.77,187.81,60.18464
2019-11-08 09:50,1573177800,187.81,187.83,187.72,187.74,118.74486
2019-11-08 09:51,1573177860,187.75,187.88,187.72,187.83,135.0872
2019-11-08 09:52,1573177920,187.83,187.88,187.78,187.83,69.31378
2019-11-08 09:53,1573177980,187.81,187.85,187.76,187.76,58.40253
2019-11-08 09:54,1573178040,187.77,187.81,187.69,187.72,114.2061
2019-11-08 09:55,1573178100,187.72,187.75,187.68,187.69,113.8885
2019-11-08 09:56,1573178160,187.71,187.72,187.64,187.67,127.0828
2019-11-08 09:57,1573178220,187.64,187.67,187.56,187.58,67.83906
2019-11-08 09:58,1573178280,187.57,187.61,187.43,187.5,251.45319
2019-11-08 09:59,1573178340,187.5,187.66,187.42,187.42,140.19253
2019-11-08 10:00,1573178400,187.46,187.62,187.4,187.43,163.28929
2019-11-08 10:01,1573178460,187.47,187.47,187.36,187.4,104.03942
2019-11-08 10:02,1573178520,187.41,187.49,187.37,187.49,110.38485
2019-11-08 10:03,1573178580,187.47,187.54,187.34,187.39,165.97837
2019-11-08 10:04,1573178640,187.36,187.4,187.26,187.27,74.08352
2019-11-08 10:05,1573178700,187.26,187.33,187.19,187.24,120.44269
2019-11-08 10:06,1573178760,187.23,187.28,187.16,187.17,91.14304
2019-11-08 10:07,1573178820,187.19,187.28,187.16,187.21,199.64692
2019-11-08 10:08,1573178880,187.19,187.25,187.15,187.23,84.62125
2019-11-08 10:09,1573178940,187.23,187.23,187.17,187.22,103.86515
2019-11-08 10:10,1573179000,187.21,187.28,187.21,187.24,138.35787
2019-11-08 10:11,1573179060,187.25,187.29,187.23,187.24,83.07881
2019-11-08 10:12,1573179120,187.24,187.26,187.16,187.21,49.93494
2019-11-08 10:13,1573179180,187.2,187.25,187.16,187.16,102.83031
2019-11-08 10:14,1573179240,187.15,187.16,186.9,186.95,1302.28041
2019-11-08 10:15,1573179300,186.96,186.96,186.78,186.81,207.14929
2019-11-08 10:16,1573179360,186.83,186.95,186.8,186.92,251.84994
2019-11-08 10:17,1573179420,186.92,187.12,186.9,187.07,334.87548
2019-11-08 10:18,1573179480,187.06,187.06,186.97,187.01,154.64339
2019-11-08 10:19,1573179540,187.04,187.16,187.03,187.04,209.54579
2019-11-08 10:20,1573179600,187.02,187.08,187.0,187.04,109.69156
2019-11-08 10:21,1573179660,187.03,187.13,187.02,187.08,235.1539
2019-11-08 10:22,1573179720,187.09,187.22,187.09,187.2,177.58267
2019-11-08 10:23,1573179780,187.21,187.28,187.2,187.28,32.41298
2019-11-08 10:24,1573179840,187.26,187.3,187.25,187.27,45.05666
2019-11-08 10:25,1573179900,187.27,187.31,187.2,187.26,94.14345
2019-11-08 10:26,1573179960,187.27,187.3,187.23,187.25,36.34923
2019-11-08 10:27,1573180020,187.25,187.26,187.22,187.26,42.10844
2019-11-08 10:28,1573180080,187.24,187.26,187.15,187.22,170.28683
2019-11-08 10:29,1573180140,187.21,187.22,187.17,187.22,99.18538
2019-11-08 10:30,1573180200,187.2,187.25,187.15,187.21,79.05036
2019-11-08 10:31,1573180260,187.21,187.29,187.2,187.28,51.01327
2019-11-08 10:32,1573180320,187.29,187.41,187.29,187.39,85.62794
2019-11-08 10:33,1573180380,187.38,187.41,187.34,187.39,40.24575
2019-11-08 10:34,1573180440,187.39,187.49,187.38,187.48,111.55444
2019-11-08 10:35,1573180500,187.47,187.53,187.42,187.44,145.27547
2019-11-08 10:36,1573180560,187.48,187.67,187.46,187.63,132.16996
2019-11-08 10:37,1573180620,187.68,187.85,187.66,187.81,106.00324
2019-11-08 10:38,1573180680,187.8,187.84,187.67,187.7,144.57659
2019-11-08 10:39,1573180740,187.71,187.86,187.67,187.83,54.78293
2019-11-08 10:40,1573180800,187.82,187.95,187.81,187.83,136.47026
2019-11-08 10:41,1573180860,187.78,187.91,187.78,187.88,72.02351
2019-11-08 10:42,1573180920,187.87,187.89,187.76,187.8,155.54817
2019-11-08 10:43,1573180980,187.79,187.82,187.73,187.81,50.07996
2019-11-08 10:44,1573181040,187.8,187.91,187.77,187.84,171.50746
2019-11-08 10:45,1573181100,187.84,187.89,187.79,187.88,89.98584
2019-11-08 10:46,1573181160,187.87,188.0,187.84,187.94,300.16864
2019-11-08 10:47,1573181220,187.94,188.13,187.94,188.07,186.51675
2019-11-08 10:48,1573181280,188.1,188.13,188.0,188.08,218.76395
2019-11-08 10:49,1573181340,188.08,188.08,187.94,187.96,241.27504
2019-11-08 10:50,1573181400,187.97,188.06,187.86,187.91,269.74014
2019-11-08 10:51,1573181460,187.89,187.94,187.8,187.82,133.44756
2019-11-08 10:52,1573181520,187.81,187.81,187.72,187.72,52.31518
2019-11-08 10:53,1573181580,187.72,187.86,187.72,187.83,246.97127
2019-11-08 10:54,1573181640,187.83,187.9,187.79,187.86,113.29791
2019-11-08 10:55,1573181700,187.89,187.9,187.72,187.77,105.45419
2019-11-08 10:56,1573181760,187.77,187.78,187.69,187.69,94.31455
2019-11-08 10:57,1573181820,187.7,187.75,187.66,187.73,108.5223
2019-11-08 10:58,1573181880,187.73,187.73,187.64,187.66,102.0966
2019-11-08 10:59,1573181940,187.65,187.71,187.61,187.68,58.85205
2019-11-08 11:00,1573182000,187.68,187.87,187.67,187.77,259.18989
2019-11-08 11:01,1573182060,187.77,187.84,187.74,187.77,142.29264
2019-11-08 11:02,1573182120,187.78,187.79,187.62,187.66,167.41856
2019-11-08 11:03,1573182180,187.67,187.67,187.6,187.6,132.47904
2019-11-08 11:04,1573182240,187.61,187.61,187.43,187.47,198.96962
2019-11-08 11:05,1573182300,187.47,187.47,187.32,187.41,130.52282
2019-11-08 11:06,1573182360,187.4,187.55,187.38,187.51,131.59183
2019-11-08 11:07,1573182420,187.51,187.53,187.43,187.45,174.63049
2019-11-08 11:08,1573182480,187.44,187.49,187.4,187.42,435.32566
2019-11-08 11:09,1573182540,187.43,187.45,187.37,187.45,155.14176
2019-11-08 11:10,1573182600,187.44,187.48,187.41,187.46,104.32865
2019-11-08 11:11,1573182660,187.46,187.5,187.43,187.46,91.22861
2019-11-08 11:12,1573182720,187.46,187.48,187.36,187.41,102.67758
2019-11-08 11:13,1573182780,187.42,187.51,187.39,187.43,124.01383
2019-11-08 11:14,1573182840,187.43,187.45,187.38,187.43,81.07425
2019-11-08 11:15,1573182900,187.42,187.43,187.23,187.26,223.59995
2019-11-08 11:16,1573182960,187.26,187.51,187.2,187.49,327.46193
2019-11-08 11:17,1573183020,187.5,187.66,187.49,187.54,174.89091
2019-11-08 11:18,1573183080,187.51,187.61,187.5,187.58,71.8999
2019-11-08 11:19,1573183140,187.58,187.66,187.52,187.52,90.26823
2019-11-08 11:20,1573183200,187.51,187.61,187.41,187.6,74.8524
2019-11-08 11:21,1573183260,187.61,187.7,187.58,187.66,62.00532
2019-11-08 11:22,1573183320,187.65,187.7,187.62,187.7,64.55846
2019-11-08 11:23,1573183380,187.7,187.76,187.64,187.74,45.60101
2019-11-08 11:24,1573183440,187.75,187.76,187.66,187.69,159.98215
2019-11-08 11:25,1573183500,187.7,187.71,187.62,187.66,171.82163
2019-11-08 11:26,1573183560,187.63,187.63,187.44,187.56,152.48333
2019-11-08 11:27,1573183620,187.56,187.74,187.5,187.63,151.38823
2019-11-08 11:28,1573183680,187.62,187.66,187.56,187.65,80.52877
2019-11-08 11:29,1573183740,187.64,187.74,187.58,187.69,66.95398
2019-11-08 11:30,1573183800,187.69,187.89,187.69,187.88,183.48808
2019-11-08 11:31,1573183860,187.87,187.89,187.78,187.8,355.20407
2019-11-08 11:32,1573183920,187.79,187.83,187.74,187.77,247.08409
2019-11-08 11:33,1573183980,187.76,187.81,187.76,187.77,53.60873
2019-11-08 11:34,1573184040,187.77,187.87,187.76,187.79,103.20747
2019-11-08 11:35,1573184100,187.79,187.79,187.75,187.75,72.90387
2019-11-08 11:36,1573184160,187.75,187.81,187.73,187.76,42.5453
2019-11-08 11:37,1573184220,187.78,187.87,187.76,187.85,170.33598
2019-11-08 11:38,1573184280,187.87,187.9,187.83,187.87,53.71662
2019-11-08 11:39,1573184340,187.88,187.93,187.85,187.9,66.91363
2019-11-08 11:40,1573184400,187.88,188.0,187.8,187.81,241.97017
2019-11-08 11:41,1573184460,187.81,187.84,187.76,187.79,132.86692
2019-11-08 11:42,1573184520,187.78,187.91,187.78,187.86,77.84222
2019-11-08 11:43,1573184580,187.86,187.99,187.86,187.94,143.38355
2019-11-08 11:44,1573184640,187.95,188.0,187.92,187.95,136.85753
2019-11-08 11:45,1573184700,187.95,188.05,187.91,188.01,186.5172
2019-11-08 11:46,1573184760,187.98,188.07,187.97,188.03,127.64558
2019-11-08 11:47,1573184820,188.03,188.08,187.87,187.92,288.83253
2019-11-08 11:48,1573184880,187.9,187.97,187.87,187.92,148.36425
2019-11-08 11:49,1573184940,187.92,188.0,187.87,187.9,153.38009
2019-11-08 11:50,1573185000,187.89,187.9,187.79,187.87,122.73459
2019-11-08 11:51,1573185060,187.86,187.88,187.77,187.77,110.02773
2019-11-08 11:52,1573185120,187.79,187.84,187.76,187.78,257.1325
2019-11-08 11:53,1573185180,187.77,187.88,187.77,187.82,175.89433
2019-11-08 11:54,1573185240,187.81,187.84,187.74,187.81,93.81259
2019-11-08 11:55,1573185300,187.81,187.86,187.77,187.84,113.96435
2019-11-08 11:56,1573185360,187.84,187.98,187.81,187.89,238.53771
2019-11-08 11:57,1573185420,187.89,187.93,187.77,187.82,153.06649
2019-11-08 11:58,1573185480,187.84,187.9,187.79,187.86,104.38247
2019-11-08 11:59,1573185540,187.87,187.94,187.8,187.84,110.33459
2019-11-08 12:00,1573185600,187.83,188.0,187.83,187.97,320.9776
2019-11-08 12:01,1573185660,187.95,188.11,187.93,188.09,381.6141
2019-11-08 12:02,1573185720,188.08,188.16,188.04,188.14,314.90587
2019-11-08 12:03,1573185780,188.14,188.19,188.1,188.12,282.70144
2019-11-08 12:04,1573185840,188.12,188.12,188.01,188.03,178.72561
2019-11-08 12:05,1573185900,188.04,188.15,188.0,188.09,221.73347
2019-11-08 12:06,1573185960,188.08,188.11,188.04,188.05,199.4651
2019-11-08 12:07,1573186020,188.02,188.09,187.96,187.98,188.33486
2019-11-08 12:08,1573186080,187.96,187.96,187.64,187.73,329.60352
2019-11-08 12:09,1573186140,187.74,187.77,187.6,187.63,128.1418
2019-11-08 12:10,1573186200,187.62,187.66,187.43,187.48,244.58188
2019-11-08 12:11,1573186260,187.5,187.59,187.43,187.56,116.95726
2019-11-08 12:12,1573186320,187.56,187.62,187.43,187.47,128.0628
2019-11-08 12:13,1573186380,187.47,187.55,187.43,187.53,146.79353
2019-11-08 12:14,1573186440,187.53,187.58,187.53,187.58,32.37529
2019-11-08 12:15,1573186500,187.56,187.72,187.56,187.63,453.86878
2019-11-08 12:16,1573186560,187.63,187.67,187.57,187.61,110.45566
2019-11-08 12:17,1573186620,187.62,187.73,187.56,187.71,106.18727
2019-11-08 12:18,1573186680,187.69,187.77,187.63,187.73,203.71695
2019-11-08 12:19,1573186740,187.74,187.79,187.67,187.7,251.25678
2019-11-08 12:20,1573186800,187.7,187.72,187.67,187.71,41.87435
2019-11-08 12:21,1573186860,187.71,187.71,187.51,187.52,479.07336
2019-11-08 12:22,1573186920,187.53,187.6,187.49,187.52,86.61478
2019-11-08 12:23,1573186980,187.53,187.54,187.37,187.43,146.74022
2019-11-08 12:24,1573187040,187.45,187.45,187.2,187.29,350.30463
2019-11-08 12:25,1573187100,187.28,187.45,187.01,187.4,1118.49499
2019-11-08 12:26,1573187160,187.41,187.45,187.07,187.14,373.07978
2019-11-08 12:27,1573187220,187.12,187.13,187.01,187.12,195.89589
2019-11-08 12:28,1573187280,187.18,187.18,187.08,187.11,187.18805
2019-11-08 12:29,1573187340,187.11,187.3,187.11,187.25,264.04568
2019-11-08 12:30,1573187400,187.23,187.23,186.87,186.92,350.93701
2019-11-08 12:31,1573187460,186.93,187.01,186.78,186.81,297.58824
2019-11-08 12:32,1573187520,186.85,187.01,186.84,186.97,176.89612
2019-11-08 12:33,1573187580,186.97,187.07,186.94,187.04,148.87656
2019-11-08 12:34,1573187640,187.03,187.06,186.8,186.87,139.51303
2019-11-08 12:35,1573187700,186.81,186.94,186.79,186.89,119.5525
2019-11-08 12:36,1573187760,186.87,187.08,186.84,187.02,184.76139
2019-11-08 12:37,1573187820,187.03,187.03,186.86,186.92,98.83052
2019-11-08 12:38,1573187880,186.95,187.16,186.91,187.16,237.25485
2019-11-08 12:39,1573187940,187.18,187.23,186.97,187.11,238.94203
2019-11-08 12:40,1573188000,187.1,187.16,187.03,187.1,69.67884
2019-11-08 12:41,1573188060,187.1,187.1,186.88,186.93,291.93772
2019-11-08 12:42,1573188120,186.92,186.96,186.78,186.89,148.90745
2019-11-08 12:43,1573188180,186.9,186.94,186.84,186.9,65.78558
2019-11-08 12:44,1573188240,186.91,186.95,186.77,186.77,249.29064
2019-11-08 12:45,1573188300,186.77,186.84,186.75,186.84,81.1262
2019-11-08 12:46,1573188360,186.89,187.05,186.88,186.92,241.8723
2019-11-08 12:47,1573188420,186.93,186.96,186.86,186.91,83.37097
2019-11-08 12:48,1573188480,186.91,186.95,186.78,186.8,110.28999
2019-11-08 12:49,1573188540,186.8,186.93,186.79,186.85,87.42628
2019-11-08 12:50,1573188600,186.88,186.89,186.76,186.84,161.34019
2019-11-08 12:51,1573188660,186.84,186.85,186.76,186.8,160.06264
2019-11-08 12:52,1573188720,186.81,186.96,186.8,186.96,115.34864
2019-11-08 12:53,1573188780,186.97,187.1,186.9,186.95,161.46599
2019-11-08 12:54,1573188840,186.91,187.0,186.86,186.96,103.17714
2019-11-08 12:55,1573188900,186.96,187.02,186.87,186.94,215.52198
2019-11-08 12:56,1573188960,186.94,187.0,186.85,186.89,92.47503
2019-11-08 12:57,1573189020,186.89,186.92,186.85,186.85,76.7158
2019-11-08 12:58,1573189080,186.86,186.89,186.82,186.87,71.67688
2019-11-08 12:59,1573189140,186.86,186.96,186.79,186.87,213.77158
2019-11-08 13:00,1573189200,186.8,186.93,186.8,186.86,59.64344
2019-11-08 13:01,1573189260,186.87,186.98,186.85,186.94,244.21454
2019-11-08 13:02,1573189320,186.92,187.1,186.88,187.07,242.41492
2019-11-08 13:03,1573189380,187.06,187.15,187.02,187.15,112.34185
2019-11-08 13:04,1573189440,187.14,187.15,186.95,186.95,235.39394
2019-11-08 13:05,1573189500,186.95,187.07,186.74,186.75,300.48135
2019-11-08 13:06,1573189560,186.73,186.98,186.72,186.82,209.09852
2019-11-08 13:07,1573189620,186.81,187.0,186.8,186.96,126.42448
2019-11-08 13:08,1573189680,186.94,187.03,186.8,186.88,77.86629
2019-11-08 13:09,1573189740,186.93,187.03,186.83,186.83,188.36193
2019-11-08 13:10,1573189800,186.83,186.96,186.8,186.96,97.17299
2019-11-08 13:11,1573189860,186.98,187.05,186.72,186.72,96.00678
2019-11-08 13:12,1573189920,186.75,186.77,186.72,186.76,123.57332
2019-11-08 13:13,1573189980,186.75,186.79,186.72,186.76,74.82672
2019-11-08 13:14,1573190040,186.77,187.05,186.72,186.86,339.42461
2019-11-08 13:15,1573190100,186.84,187.05,186.81,186.82,215.17316
2019-11-08 13:16,1573190160,186.8,186.88,186.73,186.81,159.69339
2019-11-08 13:17,1573190220,186.82,186.91,186.78,186.83,93.11673
2019-11-08 13:18,1573190280,186.82,186.94,186.79,186.86,86.2389
2019-11-08 13:19,1573190340,186.89,186.89,186.77,186.81,55.57186
2019-11-08 13:20,1573190400,186.79,186.82,186.7,186.7,115.5187
2019-11-08 13:21,1573190460,186.7,186.84,186.69,186.75,230.31814
2019-11-08 13:22,1573190520,186.76,186.78,186.4,186.4,476.27967
2019-11-08 13:23,1573190580,186.41,186.6,186.41,186.5,94.55569
2019-11-08 13:24,1573190640,186.5,186.53,186.4,186.49,155.29323
2019-11-08 13:25,1573190700,186.47,186.49,186.27,186.32,155.36144
2019-11-08 13:26,1573190760,186.3,186.32,186.12,186.17,330.29901
2019-11-08 13:27,1573190820,186.17,186.35,186.14,186.35,221.66331
2019-11-08 13:28,1573190880,186.34,186.35,186.14,186.18,158.12872
2019-11-08 13:29,1573190940,186.17,186.27,186.16,186.27,50.28154
2019-11-08 13:30,1573191000,186.26,186.51,186.23,186.45,734.6935
2019-11-08 13:31,1573191060,186.44,186.47,186.3,186.32,165.29429
2019-11-08 13:32,1573191120,186.31,186.31,186.17,186.18,187.64466
2019-11-08 13:33,1573191180,186.21,186.21,185.93,186.01,813.95052
2019-11-08 13:34,1573191240,186.01,186.12,185.97,186.08,263.99453
2019-11-08 13:35,1573191300,186.04,186.27,186.02,186.23,262.63934
2019-11-08 13:36,1573191360,186.22,186.38,186.18,186.2,133.39374
2019-11-08 13:37,1573191420,186.18,186.31,186.18,186.26,180.97682
2019-11-08 13:38,1573191480,186.24,186.25,186.0,186.06,309.5421
2019-11-08 13:39,1573191540,186.06,186.15,186.01,186.06,108.30619
2019-11-08 13:40,1573191600,186.06,186.21,186.06,186.19,74.20111
2019-11-08 13:41,1573191660,186.18,186.18,186.05,186.11,158.86749
2019-11-08 13:42,1573191720,186.12,186.14,186.08,186.13,89.46105
2019-11-08 13:43,1573191780,186.14,186.23,186.11,186.16,72.35276
2019-11-08 13:44,1573191840,186.14,186.27,186.13,186.21,97.06427
2019-11-08 13:45,1573191900,186.21,186.28,186.18,186.25,239.4865
2019-11-08 13:46,1573191960,186.27,186.35,186.24,186.34,67.70675
2019-11-08 13:47,1573192020,186.33,186.38,186.27,186.35,87.32023
2019-11-08 13:48,1573192080,186.34,186.6,186.32,186.58,271.18022
2019-11-08 13:49,1573192140,186.6,186.62,186.52,186.59,122.19604
2019-11-08 13:50,1573192200,186.55,186.61,186.52,186.59,68.93553
2019-11-08 13:51,1573192260,186.56,186.56,186.1,186.4,1418.55481
2019-11-08 13:52,1573192320,186.39,186.41,186.28,186.36,40.17785
2019-11-08 13:53,1573192380,186.31,186.5,186.26,186.43,99.70836
2019-11-08 13:54,1573192440,186.46,186.48,186.36,186.42,86.20358
2019-11-08 13:55,1573192500,186.44,186.5,186.38,186.44,99.11065
2019-11-08 13:56,1573192560,186.43,186.44,186.37,186.41,56.5612
2019-11-08 13:57,1573192620,186.41,186.43,186.22,186.26,116.81634
2019-11-08 13:58,1573192680,186.28,186.35,186.25,186.27,83.41226
2019-11-08 13:59,1573192740,186.28,186.34,186.25,186.25,81.12558
2019-11-08 14:00,1573192800,186.28,186.32,186.25,186.27,98.38258
2019-11-08 14:01,1573192860,186.26,186.26,186.17,186.18,135.84391
2019-11-08 14:02,1573192920,186.19,186.31,186.19,186.24,202.42013
2019-11-08 14:03,1573192980,186.25,186.27,186.16,186.17,62.41639
2019-11-08 14:04,1573193040,186.18,186.2,186.15,186.18,22.80099
2019-11-08 14:05,1573193100,186.18,186.2,186.12,186.17,26.99501
2019-11-08 14:06,1573193160,186.2,186.23,186.12,186.17,116.36873
2019-11-08 14:07,1573193220,186.17,186.17,186.07,186.1,63.35965
2019-11-08 14:08,1573193280,186.09,186.13,186.07,186.09,47.41774
2019-11-08 14:09,1573193340,186.09,186.13,186.07,186.13,115.3333
2019-11-08 14:10,1573193400,186.12,186.13,186.02,186.08,46.41498
2019-11-08 14:11,1573193460,186.08,186.1,186.0,186.07,99.30545
2019-11-08 14:12,1573193520,186.07,186.11,186.0,186.02,72.78883
2019-11-08 14:13,1573193580,186.0,186.06,185.97,186.02,210.81024
2019-11-08 14:14,1573193640,186.0,186.03,185.96,186.01,178.3515
2019-11-08 14:15,1573193700,186.01,186.06,185.9,185.95,120.33521
2019-11-08 14:16,1573193760,185.93,186.08,185.9,186.08,229.67517
2019-11-08 14:17,1573193820,186.08,186.1,186.03,186.09,68.23936
2019-11-08 14:18,1573193880,186.09,186.11,186.03,186.04,76.92585
2019-11-08 14:19,1573193940,186.05,186.13,186.05,186.1,57.4979
2019-11-08 14:20,1573194000,186.11,186.27,186.11,186.27,97.59863
2019-11-08 14:21,1573194060,186.27,186.28,186.17,186.24,108.54171
2019-11-08 14:22,1573194120,186.22,186.28,186.18,186.21,56.78382
2019-11-08 14:23,1573194180,186.2,186.23,186.18,186.2,29.45792
2019-11-08 14:24,1573194240,186.2,186.23,186.18,186.18,123.9305
2019-11-08 14:25,1573194300,186.19,186.21,186.08,186.09,76.38624
2019-11-08 14:26,1573194360,186.09,186.16,186.04,186.12,59.37828
2019-11-08 14:27,1573194420,186.12,186.12,185.95,185.97,141.24622
2019-11-08 14:28,1573194480,185.96,185.99,185.94,185.96,51.80821
2019-11-08 14:29,1573194540,185.96,185.97,185.91,185.92,70.64051
2019-11-08 14:30,1573194600,185.94,185.94,185.88,185.91,360.33555
2019-11-08 14:31,1573194660,185.91,185.97,185.81,185.92,96.78868
2019-11-08 14:32,1573194720,185.93,185.95,185.59,185.75,577.92355
2019-11-08 14:33,1573194780,185.75,185.84,185.71,185.77,102.36802
2019-11-08 14:34,1573194840,185.76,185.76,185.47,185.65,362.37836
2019-11-08 14:35,1573194900,185.63,185.67,185.49,185.51,132.5553
2019-11-08 14:36,1573194960,185.5,185.75,185.47,185.75,331.15225
2019-11-08 14:37,1573195020,185.78,185.83,185.67,185.75,150.3661
2019-11-08 14:38,1573195080,185.77,185.9,185.76,185.83,127.44605
2019-11-08 14:39,1573195140,185.88,185.91,185.85,185.86,39.32032
2019-11-08 14:40,1573195200,185.86,185.91,185.79,185.79,45.63252
2019-11-08 14:41,1573195260,185.79,185.88,185.73,185.76,45.46977
2019-11-08 14:42,1573195320,185.76,185.79,185.67,185.73,178.31173
2019-11-08 14:43,1573195380,185.7,185.87,185.67,185.83,88.38414
2019-11-08 14:44,1573195440,185.83,185.83,185.66,185.68,146.03745
2019-11-08 14:45,1573195500,185.65,185.83,185.56,185.83,109.29987
2019-11-08 14:46,1573195560,185.83,185.83,185.7,185.74,106.82901
2019-11-08 14:47,1573195620,185.74,185.83,185.7,185.82,90.56589
2019-11-08 14:48,1573195680,185.75,185.9,185.67,185.67,309.40403
2019-11-08 14:49,1573195740,185.73,185.85,185.67,185.8,32.58611
2019-11-08 14:50,1573195800,185.81,185.81,185.69,185.75,81.2439
2019-11-08 14:51,1573195860,185.75,185.8,185.74,185.76,71.91638
2019-11-08 14:52,1573195920,185.72,185.76,185.61,185.67,131.77065
2019-11-08 14:53,1573195980,185.66,185.76,185.63,185.7,92.95903
2019-11-08 14:54,1573196040,185.68,185.72,185.65,185.7,19.01592
2019-11-08 14:55,1573196100,185.69,185.79,185.69,185.76,82.67113
2019-11-08 14:56,1573196160,185.77,185.83,185.72,185.73,77.29803
2019-11-08 14:57,1573196220,185.78,185.81,185.73,185.8,95.71745
2019-11-08 14:58,1573196280,185.81,185.81,185.7,185.78,150.97012
2019-11-08 14:59,1573196340,185.75,185.89,185.73,185.81,395.01067
2019-11-08 15:00,1573196400,185.82,185.95,185.8,185.94,173.28878
2019-11-08 15:01,1573196460,185.94,185.94,185.84,185.86,40.38232
2019-11-08 15:02,1573196520,185.87,185.95,185.87,185.91,133.66482
2019-11-08 15:03,1573196580,185.89,186.05,185.86,186.0,552.02891
2019-11-08 15:04,1573196640,186.01,186.06,185.93,186.01,220.23923
2019-11-08 15:05,1573196700,186.05,186.09,185.95,186.07,202.49024
2019-11-08 15:06,1573196760,186.06,186.06,185.96,186.04,105.41822
2019-11-08 15:07,1573196820,186.01,186.04,185.97,186.04,118.43507
2019-11-08 15:08,1573196880,186.04,186.08,186.02,186.04,65.56716
2019-11-08 15:09,1573196940,186.06,186.07,185.99,186.05,167.45327
2019-11-08 15:10,1573197000,186.02,186.08,186.0,186.04,123.47226
2019-11-08 15:11,1573197060,186.0,186.1,186.0,186.09,113.87992
2019-11-08 15:12,1573197120,186.1,186.12,186.01,186.02,161.06825
2019-11-08 15:13,1573197180,186.04,186.1,185.96,185.97,477.3727
2019-11-08 15:14,1573197240,186.01,186.02,185.92,185.99,32.49333
2019-11-08 15:15,1573197300,185.95,185.95,185.86,185.89,125.6665
2019-11-08 15:16,1573197360,185.89,185.9,185.8,185.82,65.86039
2019-11-08 15:17,1573197420,185.83,185.84,185.78,185.8,104.67394
2019-11-08 15:18,1573197480,185.81,185.83,185.77,185.78,60.45469
2019-11-08 15:19,1573197540,185.79,185.79,185.68,185.77,204.93785
2019-11-08 15:20,1573197600,185.74,185.79,185.68,185.71,76.54501
2019-11-08 15:21,1573197660,185.72,185.75,185.64,185.71,134.15806
2019-11-08 15:22,1573197720,185.71,185.71,185.5,185.65,728.57319
2019-11-08 15:23,1573197780,185.65,185.71,185.61,185.62,245.68834
2019-11-08 15:24,1573197840,185.61,185.71,185.61,185.63,143.25292
2019-11-08 15:25,1573197900,185.61,185.62,185.5,185.51,286.75302
2019-11-08 15:26,1573197960,185.5,185.61,185.5,185.51,54.5508
2019-11-08 15:27,1573198020,185.52,185.56,185.42,185.44,90.35892
2019-11-08 15:28,1573198080,185.47,185.5,185.0,185.3,2447.16349
2019-11-08 15:29,1573198140,185.24,185.37,185.07,185.22,349.66771
2019-11-08 15:30,1573198200,185.24,185.24,184.39,184.58,4037.79146
2019-11-08 15:31,1573198260,184.58,184.8,184.17,184.72,3144.37604
2019-11-08 15:32,1573198320,184.7,185.24,184.53,185.21,1010.04656
2019-11-08 15:33,1573198380,185.12,185.29,185.01,185.23,445.9455
2019-11-08 15:34,1573198440,185.24,185.24,184.85,185.06,524.00138
2019-11-08 15:35,1573198500,185.06,185.09,184.97,185.08,101.1036
2019-11-08 15:36,1573198560,185.05,185.11,184.98,185.1,304.32102
2019-11-08 15:37,1573198620,185.08,185.16,184.94,185.09,271.19913
2019-11-08 15:38,1573198680,185.07,185.15,185.0,185.02,190.50031
2019-11-08 15:39,1573198740,185.04,185.19,185.01,185.15,255.01487
2019-11-08 15:40,1573198800,185.18,185.27,185.06,185.27,145.80433
2019-11-08 15:41,1573198860,185.26,185.35,185.24,185.31,255.12152
2019-11-08 15:42,1573198920,185.31,185.54,185.26,185.5,484.38961
2019-11-08 15:43,1573198980,185.48,185.51,185.41,185.47,73.88492
2019-11-08 15:44,1573199040,185.46,185.53,185.4,185.51,83.58397
2019-11-08 15:45,1573199100,185.49,185.58,185.45,185.55,115.49091
2019-11-08 15:46,1573199160,185.55,185.6,185.46,185.47,217.21662
2019-11-08 15:47,1573199220,185.45,185.46,185.29,185.32,167.58772
2019-11-08 15:48,1573199280,185.33,185.33,185.09,185.09,152.18463
2019-11-08 15:49,1573199340,185.09,185.22,184.92,185.13,880.42143
2019-11-08 15:50,1573199400,185.13,185.22,185.05,185.16,164.33813
2019-11-08 15:51,1573199460,185.12,185.29,185.1,185.15,669.87213
2019-11-08 15:52,1573199520,185.23,185.3,185.15,185.3,240.86486
2019-11-08 15:53,1573199580,185.27,185.34,185.24,185.31,207.36792
2019-11-08 15:54,1573199640,185.29,185.35,185.22,185.24,192.27853
2019-11-08 15:55,1573199700,185.23,185.23,184.88,184.91,526.57686
2019-11-08 15:56,1573199760,184.91,184.97,184.84,184.95,328.3598
2019-11-08 15:57,1573199820,184.92,185.13,184.91,185.09,248.38098
2019-11-08 15:58,1573199880,185.09,185.15,185.03,185.07,245.48547
2019-11-08 15:59,1573199940,185.05,185.08,184.9,184.96,229.52419
2019-11-08 16:00,1573200000,184.92,184.95,184.77,184.93,303.51427
2019-11-08 16:01,1573200060,184.91,184.92,184.78,184.87,124.88736
2019-11-08 16:02,1573200120,184.87,184.92,184.5,184.62,1034.42073
2019-11-08 16:03,1573200180,184.63,184.75,184.5,184.72,523.67596
2019-11-08 16:04,1573200240,184.71,184.87,184.65,184.8,385.34696
2019-11-08 16:05,1573200300,184.79,184.88,184.73,184.8,183.07725
2019-11-08 16:06,1573200360,184.77,184.81,184.46,184.46,509.1321
2019-11-08 16:07,1573200420,184.45,184.46,184.11,184.18,1092.57123
2019-11-08 16:08,1573200480,184.18,184.43,184.11,184.34,621.39262
2019-11-08 16:09,1573200540,184.36,184.52,184.35,184.44,503.29612
2019-11-08 16:10,1573200600,184.45,184.5,184.36,184.39,226.63068
2019-11-08 16:11,1573200660,184.37,184.37,184.01,184.24,1494.03261
2019-11-08 16:12,1573200720,184.24,184.27,183.96,184.03,1074.58921
2019-11-08 16:13,1573200780,184.04,184.05,183.73,183.87,974.94117
2019-11-08 16:14,1573200840,183.89,183.99,183.68,183.8,563.9156
2019-11-08 16:15,1573200900,183.78,183.87,183.5,183.7,1878.29224
2019-11-08 16:16,1573200960,183.67,184.14,183.5,183.95,1124.67383
2019-11-08 16:17,1573201020,184.02,184.4,183.91,184.3,766.38117
2019-11-08 16:18,1573201080,184.3,184.44,183.91,183.93,701.24993
2019-11-08 16:19,1573201140,183.93,184.5,183.88,184.42,538.82268
2019-11-08 16:20,1573201200,184.4,184.41,183.87,184.06,726.55948
2019-11-08 16:21,1573201260,184.05,184.11,183.94,184.03,310.86282
2019-11-08 16:22,1573201320,184.03,184.07,183.76,183.87,384.13231
2019-11-08 16:23,1573201380,183.89,184.01,183.8,183.9,437.89678
2019-11-08 16:24,1573201440,183.91,183.98,183.44,183.63,839.20157
2019-11-08 16:25,1573201500,183.63,183.79,183.45,183.75,916.30535
2019-11-08 16:26,1573201560,183.74,184.19,183.66,184.04,1012.6209
2019-11-08 16:27,1573201620,184.06,184.07,183.8,183.95,254.82137
2019-11-08 16:28,1573201680,183.9,184.11,183.9,184.02,775.9618
2019-11-08 16:29,1573201740,184.05,184.2,183.88,184.19,432.50609
2019-11-08 16:30,1573201800,184.19,184.19,184.0,184.06,323.32791
2019-11-08 16:31,1573201860,184.05,184.44,184.0,184.3,454.4992
2019-11-08 16:32,1573201920,184.29,184.58,184.15,184.43,222.74924
2019-11-08 16:33,1573201980,184.43,184.63,184.42,184.49,165.89041
2019-11-08 16:34,1573202040,184.48,184.69,184.39,184.48,521.78916
2019-11-08 16:35,1573202100,184.49,184.63,184.47,184.63,127.47154
2019-11-08 16:36,1573202160,184.61,184.74,184.58,184.67,330.3049
2019-11-08 16:37,1573202220,184.65,184.67,184.45,184.49,345.06881
2019-11-08 16:38,1573202280,184.48,184.55,184.4,184.42,289.41716
2019-11-08 16:39,1573202340,184.42,184.44,184.11,184.39,683.34515
2019-11-08 16:40,1573202400,184.39,184.49,184.31,184.49,241.79733
2019-11-08 16:41,1573202460,184.48,184.54,184.39,184.5,136.86325
2019-11-08 16:42,1573202520,184.47,184.57,184.44,184.53,639.6551
2019-11-08 16:43,1573202580,184.55,184.64,184.43,184.6,350.55637
2019-11-08 16:44,1573202640,184.61,184.63,184.46,184.58,175.67667
2019-11-08 16:45,1573202700,184.62,184.63,184.51,184.59,190.5537
2019-11-08 16:46,1573202760,184.58,184.58,184.46,184.53,205.00287
2019-11-08 16:47,1573202820,184.55,184.63,184.41,184.41,194.67797
2019-11-08 16:48,1573202880,184.41,184.47,184.21,184.22,382.24207
2019-11-08 16:49,1573202940,184.23,184.38,184.22,184.38,288.24285
2019-11-08 16:50,1573203000,184.38,184.38,184.22,184.25,153.66264
2019-11-08 16:51,1573203060,184.25,184.27,184.21,184.27,144.26231
2019-11-08 16:52,1573203120,184.24,184.35,184.23,184.33,186.11811
2019-11-08 16:53,1573203180,184.33,184.4,184.29,184.39,164.23105
2019-11-08 16:54,1573203240,184.42,184.48,184.13,184.13,362.72662
2019-11-08 16:55,1573203300,184.14,184.31,183.98,184.17,450.15202
2019-11-08 16:56,1573203360,184.16,184.22,184.03,184.19,583.45578
2019-11-08 16:57,1573203420,184.19,184.25,184.13,184.21,107.27447
2019-11-08 16:58,1573203480,184.21,184.22,183.96,183.96,210.70579
2019-11-08 16:59,1573203540,183.96,184.15,183.92,184.12,221.09593
2019-11-08 17:00,1573203600,184.13,184.13,183.8,183.93,706.62479
2019-11-08 17:01,1573203660,183.88,183.96,183.72,183.75,394.93558
2019-11-08 17:02,1573203720,183.76,183.81,183.35,183.61,1840.40138
2019-11-08 17:03,1573203780,183.62,184.16,183.62,184.16,977.87151
2019-11-08 17:04,1573203840,184.15,184.19,183.78,184.03,575.30569
2019-11-08 17:05,1573203900,184.03,184.13,183.73,183.89,975.38772
2019-11-08 17:06,1573203960,183.88,184.2,183.88,184.14,313.47149
2019-11-08 17:07,1573204020,184.07,184.25,184.01,184.15,778.07672
2019-11-08 17:08,1573204080,184.09,184.15,183.9,183.96,545.84149
2019-11-08 17:09,1573204140,183.95,184.07,183.9,183.98,243.23681
2019-11-08 17:10,1573204200,183.99,183.99,183.59,183.59,473.16054
2019-11-08 17:11,1573204260,183.59,184.03,183.1,184.01,2117.89426
2019-11-08 17:12,1573204320,184.0,184.11,183.73,183.9,1363.56703
2019-11-08 17:13,1573204380,183.85,183.98,183.26,183.61,1785.29156
2019-11-08 17:14,1573204440,183.61,183.68,183.3,183.48,844.8916
2019-11-08 17:15,1573204500,183.49,183.94,183.32,183.94,683.54099
2019-11-08 17:16,1573204560,183.94,183.95,183.69,183.8,902.10545
2019-11-08 17:17,1573204620,183.78,184.08,183.69,183.98,640.43842
2019-11-08 17:18,1573204680,184.03,184.1,183.94,183.95,308.41908
2019-11-08 17:19,1573204740,183.93,184.05,183.89,184.0,220.16415
2019-11-08 17:20,1573204800,184.01,184.02,183.79,183.81,227.7753
2019-11-08 17:21,1573204860,183.82,184.24,183.82,184.14,663.29931
2019-11-08 17:22,1573204920,184.17,184.37,184.15,184.21,524.32342
2019-11-08 17:23,1573204980,184.22,184.34,184.08,184.14,416.52847
2019-11-08 17:24,1573205040,184.14,184.5,184.12,184.46,420.49376
2019-11-08 17:25,1573205100,184.45,184.49,184.25,184.28,1394.46893
2019-11-08 17:26,1573205160,184.27,184.31,184.22,184.29,152.6625
2019-11-08 17:27,1573205220,184.3,184.5,184.24,184.37,274.35879
2019-11-08 17:28,1573205280,184.41,184.6,184.27,184.3,1849.05693
2019-11-08 17:29,1573205340,184.3,184.38,184.23,184.25,206.95358
2019-11-08 17:30,1573205400,184.22,184.25,184.01,184.19,440.06658
2019-11-08 17:31,1573205460,184.24,184.27,184.1,184.17,237.78586
2019-11-08 17:32,1573205520,184.17,184.19,183.95,184.04,237.15258
2019-11-08 17:33,1573205580,184.07,184.16,184.01,184.11,144.97384
2019-11-08 17:34,1573205640,184.13,184.24,184.09,184.1,271.14731
2019-11-08 17:35,1573205700,184.1,184.12,183.86,183.9,233.44633
2019-11-08 17:36,1573205760,183.93,184.11,183.92,184.08,223.95773
2019-11-08 17:37,1573205820,184.09,184.23,184.03,184.11,203.54278
2019-11-08 17:38,1573205880,184.11,184.19,184.08,184.19,232.84145
2019-11-08 17:39,1573205940,184.19,184.29,184.18,184.29,163.80543
2019-11-08 17:40,1573206000,184.28,184.29,184.23,184.25,100.83865
2019-11-08 17:41,1573206060,184.24,184.28,184.19,184.24,84.83145
2019-11-08 17:42,1573206120,184.24,184.25,184.13,184.2,161.76147
2019-11-08 17:43,1573206180,184.2,184.28,184.05,184.07,437.54459
2019-11-08 17:44,1573206240,184.06,184.19,184.03,184.16,120.46038
2019-11-08 17:45,1573206300,184.14,184.19,184.0,184.07,152.91687
2019-11-08 17:46,1573206360,184.04,184.17,183.86,184.12,361.02906
2019-11-08 17:47,1573206420,184.12,184.31,184.07,184.25,324.50727
2019-11-08 17:48,1573206480,184.25,184.32,184.14,184.27,146.83528
2019-11-08 17:49,1573206540,184.32,184.39,184.22,184.36,127.24954
2019-11-08 17:50,1573206600,184.36,184.42,184.26,184.38,798.19252
2019-11-08 17:51,1573206660,184.39,184.77,184.35,184.68,1080.35191
2019-11-08 17:52,1573206720,184.68,184.95,184.57,184.9,504.13985
2019-11-08 17:53,1573206780,184.85,184.9,184.7,184.83,614.90701
2019-11-08 17:54,1573206840,184.84,184.84,184.69,184.7,319.69948
2019-11-08 17:55,1573206900,184.69,184.9,184.69,184.75,324.59193
2019-11-08 17:56,1573206960,184.75,184.75,184.45,184.67,457.43313
2019-11-08 17:57,1573207020,184.69,184.84,184.65,184.8,236.10715
2019-11-08 17:58,1573207080,184.8,184.97,184.79,184.9,240.28537
2019-11-08 17:59,1573207140,184.92,184.96,184.82,184.87,179.79496
2019-11-08 18:00,1573207200,184.85,184.9,184.64,184.73,337.75931
2019-11-08 18:01,1573207260,184.71,184.72,184.43,184.69,267.71134
2019-11-08 18:02,1573207320,184.71,184.81,184.67,184.81,216.66604
2019-11-08 18:03,1573207380,184.8,184.92,184.8,184.87,162.52714
2019-11-08 18:04,1573207440,184.87,184.92,184.72,184.75,81.56877
2019-11-08 18:05,1573207500,184.75,184.88,184.75,184.88,121.84018
2019-11-08 18:06,1573207560,184.84,184.92,184.78,184.92,86.0929
2019-11-08 18:07,1573207620,184.92,185.11,184.9,185.04,490.34011
2019-11-08 18:08,1573207680,185.05,185.15,185.0,185.05,350.02193
2019-11-08 18:09,1573207740,185.05,185.1,185.0,185.1,279.57893
2019-11-08 18:10,1573207800,185.09,185.09,185.02,185.02,158.57629
2019-11-08 18:11,1573207860,185.02,185.04,184.9,184.93,370.77242
2019-11-08 18:12,1573207920,184.99,184.99,184.64,184.83,485.7733
2019-11-08 18:13,1573207980,184.84,184.98,184.8,184.93,396.31948
2019-11-08 18:14,1573208040,184.95,184.96,184.92,184.95,101.48903
2019-11-08 18:15,1573208100,184.94,185.03,184.88,185.0,317.32564
2019-11-08 18:16,1573208160,184.98,184.98,184.83,184.86,99.35034
2019-11-08 18:17,1573208220,184.86,184.91,184.68,184.68,243.39635
2019-11-08 18:18,1573208280,184.67,184.73,184.59,184.7,238.82297
2019-11-08 18:19,1573208340,184.69,184.71,184.6,184.62,147.25737
2019-11-08 18:20,1573208400,184.64,184.67,184.54,184.55,115.27925
2019-11-08 18:21,1573208460,184.56,184.56,184.44,184.49,116.46809
2019-11-08 18:22,1573208520,184.49,184.6,184.45,184.6,211.96927
2019-11-08 18:23,1573208580,184.59,184.68,184.59,184.59,121.29662
2019-11-08 18:24,1573208640,184.58,184.7,184.5,184.59,2296.82296
2019-11-08 18:25,1573208700,184.54,184.55,184.43,184.44,215.93188
2019-11-08 18:26,1573208760,184.43,184.45,184.32,184.41,416.41804
2019-11-08 18:27,1573208820,184.41,184.59,184.41,184.56,220.9737
2019-11-08 18:28,1573208880,184.55,184.59,184.4,184.45,122.02587
2019-11-08 18:29,1573208940,184.45,184.46,184.33,184.37,267.81075
2019-11-08 18:30,1573209000,184.35,184.4,184.27,184.4,199.27657
2019-11-08 18:31,1573209060,184.38,184.5,184.36,184.36,114.35879
2019-11-08 18:32,1573209120,184.36,184.5,184.31,184.48,168.41953
2019-11-08 18:33,1573209180,184.47,184.5,184.42,184.42,171.61872
2019-11-08 18:34,1573209240,184.43,184.54,184.4,184.48,163.89689
2019-11-08 18:35,1573209300,184.47,184.51,184.4,184.45,103.56508
2019-11-08 18:36,1573209360,184.48,184.48,184.37,184.39,116.86134
2019-11-08 18:37,1573209420,184.38,184.5,184.38,184.43,136.75349
2019-11-08 18:38,1573209480,184.44,184.58,184.41,184.46,258.17328
2019-11-08 18:39,1573209540,184.46,184.51,184.39,184.47,194.52935
2019-11-08 18:40,1573209600,184.45,184.58,184.45,184.54,139.85311
2019-11-08 18:41,1573209660,184.53,184.53,184.48,184.49,25.20189
2019-11-08 18:42,1573209720,184.48,184.56,184.34,184.38,381.17864
2019-11-08 18:43,1573209780,184.39,184.45,184.33,184.34,100.35444
2019-11-08 18:44,1573209840,184.35,184.46,184.31,184.35,123.30389
2019-11-08 18:45,1573209900,184.34,184.35,184.27,184.28,83.5285
2019-11-08 18:46,1573209960,184.29,184.29,184.17,184.22,108.46332
2019-11-08 18:47,1573210020,184.2,184.22,184.14,184.14,145.8128
2019-11-08 18:48,1573210080,184.15,184.18,184.04,184.14,194.78778
2019-11-08 18:49,1573210140,184.15,184.2,184.07,184.17,116.49684
2019-11-08 18:50,1573210200,184.17,184.34,184.11,184.16,198.0536
2019-11-08 18:51,1573210260,184.15,184.17,184.08,184.09,71.42764
2019-11-08 18:52,1573210320,184.1,184.25,184.1,184.16,251.7077
2019-11-08 18:53,1573210380,184.18,184.24,184.14,184.2,100.75011
2019-11-08 18:54,1573210440,184.21,184.27,184.12,184.18,111.76048
2019-11-08 18:55,1573210500,184.17,184.37,184.15,184.37,151.73624
2019-11-08 18:56,1573210560,184.37,184.37,184.25,184.29,115.08008
2019-11-08 18:57,1573210620,184.3,184.39,184.27,184.33,128.32988
2019-11-08 18:58,1573210680,184.26,184.4,184.26,184.4,140.95013
2019-11-08 18:59,1573210740,184.39,184.46,184.31,184.35,149.66359
2019-11-08 19:00,1573210800,184.35,184.47,184.19,184.28,310.52881
2019-11-08 19:01,1573210860,184.28,184.43,184.24,184.42,120.314
2019-11-08 19:02,1573210920,184.42,184.49,184.34,184.42,141.34849
2019-11-08 19:03,1573210980,184.44,184.54,184.41,184.49,155.74632
2019-11-08 19:04,1573211040,184.48,184.6,184.45,184.5,285.18341
2019-11-08 19:05,1573211100,184.49,184.51,184.37,184.41,68.51965
2019-11-08 19:06,1573211160,184.41,184.72,184.38,184.67,347.60547
2019-11-08 19:07,1573211220,184.67,184.9,184.66,184.74,235.42947
2019-11-08 19:08,1573211280,184.74,184.83,184.65,184.83,211.84223
2019-11-08 19:09,1573211340,184.8,184.85,184.62,184.64,230.00291
2019-11-08 19:10,1573211400,184.64,184.72,184.63,184.69,97.93403
2019-11-08 19:11,1573211460,184.67,184.8,184.66,184.71,195.80457
2019-11-08 19:12,1573211520,184.73,184.86,184.67,184.8,178.20507
2019-11-08 19:13,1573211580,184.79,184.9,184.74,184.82,156.70802
2019-11-08 19:14,1573211640,184.83,184.86,184.78,184.82,58.21754
2019-11-08 19:15,1573211700,184.8,185.04,184.79,185.04,252.46049
2019-11-08 19:16,1573211760,185.04,185.06,184.81,184.88,292.00534
2019-11-08 19:17,1573211820,184.89,184.96,184.85,184.9,121.6787
2019-11-08 19:18,1573211880,184.91,184.92,184.7,184.75,269.56631
2019-11-08 19:19,1573211940,184.76,184.91,184.73,184.83,122.52581
2019-11-08 19:20,1573212000,184.8,184.84,184.8,184.8,56.15777
2019-11-08 19:21,1573212060,184.81,184.83,184.7,184.7,309.70822
2019-11-08 19:22,1573212120,184.71,184.83,184.67,184.74,99.52244
2019-11-08 19:23,1573212180,184.75,184.76,184.56,184.65,358.57093
2019-11-08 19:24,1573212240,184.65,184.75,184.57,184.71,116.78529
2019-11-08 19:25,1573212300,184.72,184.79,184.69,184.77,133.92737
2019-11-08 19:26,1573212360,184.78,184.82,184.65,184.65,46.04413
2019-11-08 19:27,1573212420,184.62,184.63,184.5,184.53,54.98561
2019-11-08 19:28,1573212480,184.54,184.7,184.52,184.67,117.01261
2019-11-08 19:29,1573212540,184.63,184.66,184.52,184.54,62.08694
2019-11-08 19:30,1573212600,184.54,184.54,184.41,184.45,87.99987
2019-11-08 19:31,1573212660,184.45,184.51,184.4,184.47,157.28281
2019-11-08 19:32,1573212720,184.44,184.54,184.43,184.49,86.98537
2019-11-08 19:33,1573212780,184.46,184.46,184.32,184.35,60.48134
2019-11-08 19:34,1573212840,184.38,184.46,184.35,184.4,101.5651
2019-11-08 19:35,1573212900,184.42,184.43,184.35,184.38,70.35111
2019-11-08 19:36,1573212960,184.39,184.53,184.36,184.49,96.33132
2019-11-08 19:37,1573213020,184.52,184.65,184.5,184.62,158.23405
2019-11-08 19:38,1573213080,184.62,184.62,184.43,184.55,60.71647
2019-11-08 19:39,1573213140,184.53,184.59,184.48,184.51,97.54188
2019-11-08 19:40,1573213200,184.5,184.57,184.42,184.57,162.0458
2019-11-08 19:41,1573213260,184.57,184.58,184.43,184.51,80.27013
2019-11-08 19:42,1573213320,184.49,184.52,184.3,184.41,447.76681
2019-11-08 19:43,1573213380,184.42,184.55,184.42,184.55,164.95198
2019-11-08 19:44,1573213440,184.5,184.58,184.43,184.45,67.13359
2019-11-08 19:45,1573213500,184.44,184.44,184.24,184.34,251.15854
2019-11-08 19:46,1573213560,184.34,184.49,184.31,184.48,50.87296
2019-11-08 19:47,1573213620,184.49,184.59,184.46,184.57,48.47218
2019-11-08 19:48,1573213680,184.59,184.63,184.53,184.6,89.71031
2019-11-08 19:49,1573213740,184.59,184.65,184.55,184.56,191.08372
2019-11-08 19:50,1573213800,184.58,184.59,184.49,184.52,73.46007
2019-11-08 19:51,1573213860,184.51,184.51,184.33,184.44,78.10858
2019-11-08 19:52,1573213920,184.45,184.51,184.44,184.47,68.56087
2019-11-08 19:53,1573213980,184.47,184.49,184.39,184.44,85.89578
2019-11-08 19:54,1573214040,184.41,184.45,184.31,184.44,114.04893
2019-11-08 19:55,1573214100,184.43,184.55,184.37,184.52,366.02443
2019-11-08 19:56,1573214160,184.48,184.51,184.37,184.49,118.17199
2019-11-08 19:57,1573214220,184.48,184.51,184.15,184.17,269.90286
2019-11-08 19:58,1573214280,184.14,184.36,184.14,184.26,163.47535
2019-11-08 19:59,1573214340,184.24,184.24,184.1,184.15,54.76392
2019-11-08 20:00,1573214400,184.17,184.21,183.87,183.91,1797.39592
2019-11-08 20:01,1573214460,183.91,184.05,183.73,184.04,429.247
2019-11-08 20:02,1573214520,184.03,184.24,184.02,184.09,261.3401
2019-11-08 20:03,1573214580,184.1,184.22,184.06,184.13,203.62883
2019-11-08 20:04,1573214640,184.12,184.24,184.1,184.17,92.88673
2019-11-08 20:05,1573214700,184.15,184.25,184.11,184.12,107.18295
2019-11-08 20:06,1573214760,184.15,184.16,184.11,184.11,30.63534
2019-11-08 20:07,1573214820,184.13,184.18,183.96,183.97,138.93879
2019-11-08 20:08,1573214880,183.97,184.01,183.88,183.9,93.87444
2019-11-08 20:09,1573214940,183.91,184.04,183.83,184.0,124.8583
2019-11-08 20:10,1573215000,184.02,184.05,183.86,183.87,135.55623
2019-11-08 20:11,1573215060,183.87,184.0,183.85,183.93,394.4019
2019-11-08 20:12,1573215120,183.99,183.99,183.93,183.97,33.92577
2019-11-08 20:13,1573215180,183.96,184.0,183.87,183.87,100.81895
2019-11-08 20:14,1573215240,183.89,183.96,183.87,183.92,60.56261
2019-11-08 20:15,1573215300,183.93,183.98,183.88,183.9,45.59459
2019-11-08 20:16,1573215360,183.9,183.91,183.8,183.83,191.51004
2019-11-08 20:17,1573215420,183.81,183.88,183.8,183.81,90.20127
2019-11-08 20:18,1573215480,183.79,183.86,183.64,183.72,208.78773
2019-11-08 20:19,1573215540,183.73,183.74,183.66,183.67,62.44715
2019-11-08 20:20,1573215600,183.68,183.85,183.57,183.84,409.7407
2019-11-08 20:21,1573215660,183.82,183.85,183.78,183.82,140.00725
2019-11-08 20:22,1573215720,183.82,183.87,183.79,183.86,123.70177
2019-11-08 20:23,1573215780,183.84,183.85,183.7,183.71,57.24015
2019-11-08 20:24,1573215840,183.74,183.75,183.64,183.69,130.30424
2019-11-08 20:25,1573215900,183.72,183.75,183.61,183.61,267.15791
2019-11-08 20:26,1573215960,183.6,183.61,183.48,183.49,626.2477
2019-11-08 20:27,1573216020,183.51,183.52,183.46,183.49,95.18856
2019-11-08 20:28,1573216080,183.5,183.52,183.31,183.36,649.30244
2019-11-08 20:29,1573216140,183.35,183.71,183.3,183.65,576.6237
2019-11-08 20:30,1573216200,183.69,183.7,183.48,183.54,178.61483
2019-11-08 20:31,1573216260,183.52,183.76,183.49,183.76,351.33882
2019-11-08 20:32,1573216320,183.75,183.98,183.75,183.89,257.58935
2019-11-08 20:33,1573216380,183.89,183.98,183.79,183.98,216.90558
2019-11-08 20:34,1573216440,184.0,184.02,183.88,183.92,375.51038
2019-11-08 20:35,1573216500,183.91,184.09,183.89,184.05,166.6765
2019-11-08 20:36,1573216560,184.07,184.08,184.0,184.05,473.80345
2019-11-08 20:37,1573216620,184.05,184.24,184.03,184.22,407.88627
2019-11-08 20:38,1573216680,184.22,184.25,184.15,184.23,169.1823
2019-11-08 20:39,1573216740,184.19,184.34,184.18,184.34,283.63092
2019-11-08 20:40,1573216800,184.32,184.32,184.13,184.2,335.44539
2019-11-08 20:41,1573216860,184.17,184.39,184.17,184.34,429.87993
2019-11-08 20:42,1573216920,184.34,184.34,184.21,184.21,99.32155
2019-11-08 20:43,1573216980,184.22,184.22,184.12,184.17,254.93512
2019-11-08 20:44,1573217040,184.14,184.17,184.1,184.1,97.55079
2019-11-08 20:45,1573217100,184.11,184.26,184.11,184.23,88.24115
2019-11-08 20:46,1573217160,184.23,184.23,184.1,184.1,70.35918
2019-11-08 20:47,1573217220,184.08,184.11,183.99,184.08,202.89403
2019-11-08 20:48,1573217280,184.08,184.15,183.97,184.06,348.44367
2019-11-08 20:49,1573217340,184.02,184.17,183.93,184.0,297.11694
2019-11-08 20:50,1573217400,183.99,184.16,183.94,184.04,293.26265
2019-11-08 20:51,1573217460,184.05,184.25,184.05,184.22,275.66405
2019-11-08 20:52,1573217520,184.21,184.21,184.03,184.05,119.00048
2019-11-08 20:53,1573217580,184.06,184.13,184.02,184.03,109.76678
2019-11-08 20:54,1573217640,184.03,184.09,183.97,184.03,57.6448
2019-11-08 20:55,1573217700,184.03,184.11,183.94,184.07,90.70912
2019-11-08 20:56,1573217760,184.1,184.15,183.97,184.09,136.88916
2019-11-08 20:57,1573217820,184.08,184.11,184.0,184.1,208.84671
2019-11-08 20:58,1573217880,184.09,184.09,183.95,183.97,63.44657
2019-11-08 20:59,1573217940,183.99,183.99,183.73,183.75,504.50943
2019-11-08 21:00,1573218000,183.79,183.84,183.65,183.65,193.73187
2019-11-08 21:01,1573218060,183.65,183.79,183.65,183.78,92.36266
2019-11-08 21:02,1573218120,183.76,183.78,183.62,183.66,127.67728
2019-11-08 21:03,1573218180,183.63,183.7,183.54,183.57,383.15425
2019-11-08 21:04,1573218240,183.57,183.59,183.5,183.57,317.03168
2019-11-08 21:05,1573218300,183.57,183.63,183.5,183.6,147.56061
2019-11-08 21:06,1573218360,183.62,183.71,183.58,183.63,289.92983
2019-11-08 21:07,1573218420,183.63,183.63,183.55,183.55,220.05788
2019-11-08 21:08,1573218480,183.57,183.71,183.54,183.62,472.91808
2019-11-08 21:09,1573218540,183.62,183.72,183.6,183.72,134.18108
2019-11-08 21:10,1573218600,183.72,183.72,183.35,183.46,533.33284
2019-11-08 21:11,1573218660,183.45,183.53,183.39,183.39,163.26469
2019-11-08 21:12,1573218720,183.41,183.45,183.39,183.45,58.12758
2019-11-08 21:13,1573218780,183.45,183.48,183.39,183.43,115.72718
2019-11-08 21:14,1573218840,183.45,183.47,183.13,183.33,869.30754
2019-11-08 21:15,1573218900,183.33,183.55,183.22,183.51,368.43268
2019-11-08 21:16,1573218960,183.52,183.55,183.32,183.34,41.30575
2019-11-08 21:17,1573219020,183.37,183.4,183.24,183.28,394.64725
2019-11-08 21:18,1573219080,183.3,183.33,183.19,183.27,127.93243
2019-11-08 21:19,1573219140,183.26,183.26,182.76,183.24,2236.9644
2019-11-08 21:20,1573219200,183.24,183.42,183.1,183.2,784.06742
2019-11-08 21:21,1573219260,183.21,183.26,182.94,183.26,352.73281
2019-11-08 21:22,1573219320,183.26,183.29,183.02,183.08,672.47923
2019-11-08 21:23,1573219380,183.07,183.07,182.86,182.9,680.69082
2019-11-08 21:24,1573219440,182.96,183.15,182.77,183.04,1420.53732
2019-11-08 21:25,1573219500,183.05,183.32,182.89,183.12,969.176
2019-11-08 21:26,1573219560,183.15,183.35,183.02,183.2,500.22876
2019-11-08 21:27,1573219620,183.16,183.17,182.28,182.28,1567.38624
2019-11-08 21:28,1573219680,182.29,182.54,181.5,182.18,4822.84226
2019-11-08 21:29,1573219740,182.25,183.08,182.23,182.7,2776.83511
2019-11-08 21:30,1573219800,182.83,182.89,181.5,181.88,2926.9034
2019-11-08 21:31,1573219860,181.88,183.18,181.75,182.59,2132.68087
2019-11-08 21:32,1573219920,182.59,183.12,182.51,182.86,1397.44807
2019-11-08 21:33,1573219980,182.86,183.25,182.64,182.65,784.84814
2019-11-08 21:34,1573220040,182.75,183.33,182.7,183.07,600.27443
2019-11-08 21:35,1573220100,183.11,183.33,182.78,183.22,1218.13225
2019-11-08 21:36,1573220160,183.22,183.22,182.83,182.87,437.09179
2019-11-08 21:37,1573220220,182.88,183.16,182.83,183.11,359.88935
2019-11-08 21:38,1573220280,183.06,183.29,182.92,183.21,840.80629
2019-11-08 21:39,1573220340,183.19,183.19,182.8,183.06,726.61638
2019-11-08 21:40,1573220400,183.03,183.06,182.76,182.98,383.8073
2019-11-08 21:41,1573220460,182.99,183.02,182.83,182.84,212.00552
2019-11-08 21:42,1573220520,182.83,183.02,182.76,182.95,299.72917
2019-11-08 21:43,1573220580,182.94,183.17,182.83,183.07,384.22003
2019-11-08 21:44,1573220640,183.1,183.3,182.97,183.22,491.8562
2019-11-08 21:45,1573220700,183.21,183.27,183.05,183.14,688.86215
2019-11-08 21:46,1573220760,183.12,183.26,183.05,183.05,377.42277
2019-11-08 21:47,1573220820,183.04,183.16,182.9,183.02,797.10086
2019-11-08 21:48,1573220880,183.03,183.04,182.8,182.92,410.41665
2019-11-08 21:49,1573220940,182.91,183.01,182.66,182.95,957.4784
2019-11-08 21:50,1573221000,182.97,183.06,182.83,182.84,481.06196
2019-11-08 21:51,1573221060,182.88,182.93,182.63,182.76,511.21533
2019-11-08 21:52,1573221120,182.76,182.9,182.63,182.9,432.20367
2019-11-08 21:53,1573221180,182.89,183.08,182.77,182.94,451.85401
2019-11-08 21:54,1573221240,182.93,183.05,182.72,182.76,299.52822
2019-11-08 21:55,1573221300,182.8,182.88,182.7,182.71,425.46614
2019-11-08 21:56,1573221360,182.74,182.99,182.7,182.85,620.25883
2019-11-08 21:57,1573221420,182.83,182.94,182.69,182.82,548.30123
2019-11-08 21:58,1573221480,182.85,182.96,182.81,182.86,227.34911
2019-11-08 21:59,1573221540,182.84,182.91,182.75,182.77,310.29276
2019-11-08 22:00,1573221600,182.74,183.14,182.74,182.99,937.7777
2019-11-08 22:01,1573221660,182.99,183.2,182.89,183.07,692.75912
2019-11-08 22:02,1573221720,183.12,183.3,183.07,183.07,208.16628
2019-11-08 22:03,1573221780,183.09,183.19,183.02,183.19,220.44196
2019-11-08 22:04,1573221840,183.2,183.32,183.1,183.22,592.75755
2019-11-08 22:05,1573221900,183.23,183.29,183.15,183.2,335.33052
2019-11-08 22:06,1573221960,183.22,183.23,183.12,183.22,247.75894
2019-11-08 22:07,1573222020,183.23,183.4,183.23,183.31,218.42934
2019-11-08 22:08,1573222080,183.3,183.44,183.3,183.3,270.3166
2019-11-08 22:09,1573222140,183.3,183.32,183.1,183.15,265.39834
2019-11-08 22:10,1573222200,183.14,183.3,183.1,183.28,264.10347
2019-11-08 22:11,1573222260,183.29,183.46,183.29,183.42,280.69823
2019-11-08 22:12,1573222320,183.42,183.55,183.38,183.44,388.07083
2019-11-08 22:13,1573222380,183.44,183.51,183.39,183.47,284.66147
2019-11-08 22:14,1573222440,183.47,183.47,183.31,183.39,453.59352
2019-11-08 22:15,1573222500,183.39,183.53,183.31,183.39,371.10711
2019-11-08 22:16,1573222560,183.4,183.4,183.14,183.22,325.42773
2019-11-08 22:17,1573222620,183.25,183.31,183.14,183.23,465.1009
2019-11-08 22:18,1573222680,183.19,183.25,182.89,183.14,1401.22702
2019-11-08 22:19,1573222740,183.14,183.16,183.03,183.11,214.74039
2019-11-08 22:20,1573222800,183.1,183.15,183.01,183.01,133.25234
2019-11-08 22:21,1573222860,183.0,183.07,182.94,183.0,318.37261
2019-11-08 22:22,1573222920,183.04,183.28,182.94,183.03,1528.56765
2019-11-08 22:23,1573222980,183.02,183.18,182.96,183.11,198.71163
2019-11-08 22:24,1573223040,183.07,183.07,182.92,182.98,182.85731
2019-11-08 22:25,1573223100,183.0,183.0,182.86,182.89,189.17658
2019-11-08 22:26,1573223160,182.89,182.91,182.83,182.87,122.93712
2019-11-08 22:27,1573223220,182.84,182.99,182.83,182.96,159.84
2019-11-08 22:28,1573223280,182.97,182.97,182.83,182.86,128.96147
2019-11-08 22:29,1573223340,182.86,183.18,182.86,183.17,379.21423
2019-11-08 22:30,1573223400,183.17,183.2,182.83,182.83,256.06209
2019-11-08 22:31,1573223460,182.84,182.88,182.69,182.83,450.68694
2019-11-08 22:32,1573223520,182.82,182.9,182.73,182.81,761.56012
2019-11-08 22:33,1573223580,182.79,182.82,182.74,182.77,214.16044
2019-11-08 22:34,1573223640,182.77,182.77,182.54,182.64,431.16292
2019-11-08 22:35,1573223700,182.67,182.67,182.45,182.56,2160.05746
2019-11-08 22:36,1573223760,182.53,182.71,182.46,182.66,438.76125
2019-11-08 22:37,1573223820,182.69,182.75,182.55,182.67,242.48875
2019-11-08 22:38,1573223880,182.66,182.67,182.44,182.53,268.71711
2019-11-08 22:39,1573223940,182.52,182.53,182.26,182.28,463.62726
2019-11-08 22:40,1573224000,182.27,182.48,182.16,182.37,803.62299
2019-11-08 22:41,1573224060,182.37,182.37,182.09,182.18,482.19336
2019-11-08 22:42,1573224120,182.15,182.19,182.0,182.13,370.36617
2019-11-08 22:43,1573224180,182.12,182.2,182.06,182.1,562.54374
2019-11-08 22:44,1573224240,182.11,182.18,181.94,182.18,996.20436
2019-11-08 22:45,1573224300,182.16,182.18,181.75,181.99,951.88791
2019-11-08 22:46,1573224360,181.99,182.07,181.41,181.95,2248.51431
2019-11-08 22:47,1573224420,181.94,182.05,181.72,181.73,2010.51536
2019-11-08 22:48,1573224480,181.73,182.28,181.72,182.01,1532.36985
2019-11-08 22:49,1573224540,182.0,182.29,181.97,182.29,531.14987
2019-11-08 22:50,1573224600,182.29,182.55,182.17,182.51,459.54862
2019-11-08 22:51,1573224660,182.51,182.56,182.21,182.52,475.89816
2019-11-08 22:52,1573224720,182.53,182.54,182.39,182.4,331.05894
2019-11-08 22:53,1573224780,182.4,182.66,182.33,182.63,207.02527
2019-11-08 22:54,1573224840,182.61,182.65,182.48,182.6,328.04056
2019-11-08 22:55,1573224900,182.58,182.7,182.54,182.69,298.49393
2019-11-08 22:56,1573224960,182.7,182.93,182.69,182.78,631.21363
2019-11-08 22:57,1573225020,182.8,182.93,182.78,182.93,596.22385
2019-11-08 22:58,1573225080,182.94,183.15,182.91,183.07,422.98459
2019-11-08 22:59,1573225140,183.07,183.09,182.92,183.05,209.8761
2019-11-08 23:00,1573225200,182.99,183.06,182.78,182.86,327.38435
2019-11-08 23:01,1573225260,182.86,183.1,182.78,183.03,518.40705
2019-11-08 23:02,1573225320,183.06,183.1,182.93,183.1,315.71378
2019-11-08 23:03,1573225380,183.09,183.25,183.04,183.25,428.97022
2019-11-08 23:04,1573225440,183.24,183.3,183.01,183.18,350.49031
2019-11-08 23:05,1573225500,183.18,183.19,182.88,182.96,934.11159
2019-11-08 23:06,1573225560,182.96,182.99,182.83,182.85,404.06693
2019-11-08 23:07,1573225620,182.89,182.95,182.84,182.88,277.31519
2019-11-08 23:08,1573225680,182.88,182.88,182.54,182.61,421.80904
2019-11-08 23:09,1573225740,182.59,182.81,182.59,182.72,211.31837
2019-11-08 23:10,1573225800,182.71,182.73,182.5,182.52,327.74025
2019-11-08 23:11,1573225860,182.52,182.61,182.19,182.27,863.99574
2019-11-08 23:12,1573225920,182.31,182.5,182.31,182.43,209.41842
2019-11-08 23:13,1573225980,182.44,182.52,182.38,182.51,175.9919
2019-11-08 23:14,1573226040,182.44,182.54,182.43,182.43,215.79811
2019-11-08 23:15,1573226100,182.42,182.57,182.4,182.57,226.97142
2019-11-08 23:16,1573226160,182.57,182.8,182.57,182.71,192.96929
2019-11-08 23:17,1573226220,182.71,182.89,182.71,182.86,348.06944
2019-11-08 23:18,1573226280,182.86,182.91,182.64,182.65,254.83884
2019-11-08 23:19,1573226340,182.69,182.9,182.62,182.89,246.57312
2019-11-08 23:20,1573226400,182.88,182.93,182.55,182.58,569.27575
2019-11-08 23:21,1573226460,182.58,182.58,182.4,182.52,417.04031
2019-11-08 23:22,1573226520,182.48,182.59,182.42,182.55,186.89497
2019-11-08 23:23,1573226580,182.54,182.55,182.45,182.49,190.77904
2019-11-08 23:24,1573226640,182.51,182.52,182.46,182.5,145.93008
2019-11-08 23:25,1573226700,182.5,182.6,182.48,182.49,525.71596
2019-11-08 23:26,1573226760,182.46,182.56,182.45,182.52,210.09642
2019-11-08 23:27,1573226820,182.52,182.57,182.45,182.47,163.41722
2019-11-08 23:28,1573226880,182.47,182.54,182.43,182.49,227.27757
2019-11-08 23:29,1573226940,182.47,182.54,182.45,182.48,120.91163
2019-11-08 23:30,1573227000,182.48,182.52,182.36,182.44,360.21727
2019-11-08 23:31,1573227060,182.44,182.49,182.37,182.41,208.39717
2019-11-08 23:32,1573227120,182.42,182.45,182.35,182.41,246.53237
2019-11-08 23:33,1573227180,182.4,182.42,182.36,182.42,141.59596
2019-11-08 23:34,1573227240,182.42,182.48,182.42,182.48,99.52309
2019-11-08 23:35,1573227300,182.47,182.52,182.36,182.36,335.97512
2019-11-08 23:36,1573227360,182.36,182.43,182.3,182.3,174.5008
2019-11-08 23:37,1573227420,182.34,182.34,182.2,182.29,195.56722
2019-11-08 23:38,1573227480,182.27,182.33,182.22,182.28,172.24554
2019-11-08 23:39,1573227540,182.27,182.34,182.26,182.33,391.99092
2019-11-08 23:40,1573227600,182.33,182.56,182.3,182.54,381.31921
2019-11-08 23:41,1573227660,182.53,182.59,182.5,182.52,263.97719
2019-11-08 23:42,1573227720,182.52,182.56,182.37,182.43,206.27705
2019-11-08 23:43,1573227780,182.43,182.5,182.38,182.48,93.65859
2019-11-08 23:44,1573227840,182.46,182.52,182.37,182.45,98.16312
2019-11-08 23:45,1573227900,182.49,182.51,182.42,182.5,72.13142
2019-11-08 23:46,1573227960,182.5,182.59,182.41,182.59,190.1298
2019-11-08 23:47,1573228020,182.59,182.74,182.52,182.74,383.91378
2019-11-08 23:48,1573228080,182.74,182.88,182.71,182.79,529.04697
2019-11-08 23:49,1573228140,182.77,182.87,182.64,182.87,317.71073
2019-11-08 23:50,1573228200,182.85,182.96,182.84,182.93,156.42992
2019-11-08 23:51,1573228260,182.93,182.94,182.85,182.86,133.9043
2019-11-08 23:52,1573228320,182.86,183.0,182.86,182.97,159.24961
2019-11-08 23:53,1573228380,182.99,183.01,182.9,183.01,123.85365
2019-11-08 23:54,1573228440,183.02,183.12,183.02,183.11,302.9648
2019-11-08 23:55,1573228500,183.12,183.28,183.1,183.22,307.38532
2019-11-08 23:56,1573228560,183.21,183.21,183.13,183.14,278.80372
2019-11-08 23:57,1573228620,183.13,183.15,183.0,183.06,308.02963
2019-11-08 23:58,1573228680,183.07,183.32,183.07,183.32,142.13232
2019-11-08 23:59,1573228740,183.32,183.5,183.26,183.5,1452.64514
2019-11-09 00:00,1573228800,183.5,183.51,183.17,183.23,776.96312
2019-11-09 00:01,1573228860,183.25,183.58,183.17,183.43,1122.96322
2019-11-09 00:02,1573228920,183.42,183.49,183.15,183.28,323.61189
2019-11-09 00:03,1573228980,183.25,183.31,183.14,183.16,138.30701
2019-11-09 00:04,1573229040,183.16,183.22,182.97,182.98,622.82384
2019-11-09 00:05,1573229100,183.0,183.3,182.93,183.14,638.05523
2019-11-09 00:06,1573229160,183.13,183.25,183.1,183.14,206.80947
2019-11-09 00:07,1573229220,183.12,183.5,183.12,183.41,453.48504
2019-11-09 00:08,1573229280,183.42,183.45,183.31,183.38,201.59727
2019-11-09 00:09,1573229340,183.39,183.49,183.39,183.47,146.39952
2019-11-09 00:10,1573229400,183.47,183.74,183.47,183.7,565.13947
2019-11-09 00:11,1573229460,183.72,183.73,183.53,183.72,279.32643
2019-11-09 00:12,1573229520,183.73,183.84,183.62,183.65,410.93249
