date,timechuo,open,high,low,close,vol
2019-06-04 23:12,1559661120,9.031,9.031,9.0265,9.0265,115.72
2019-06-04 23:13,1559661180,9.0295,9.031,9.0211,9.0308,312.69
2019-06-04 23:14,1559661240,9.0308,9.0308,9.006,9.0102,276.64
2019-06-04 23:15,1559661300,9.0096,9.0103,9.0008,9.0103,387.39
2019-06-04 23:16,1559661360,9.0005,9.0033,9.0005,9.0033,59.39
2019-06-04 23:17,1559661420,9.0178,9.0363,9.0111,9.0363,207.89
2019-06-04 23:18,1559661480,9.0339,9.0386,9.0329,9.0338,293.38
2019-06-04 23:19,1559661540,9.0267,9.0324,9.0254,9.0254,70.16
2019-06-04 23:20,1559661600,9.0363,9.0369,9.0363,9.0369,81.65
2019-06-04 23:21,1559661660,9.0332,9.0332,9.0332,9.0332,31.89
2019-06-04 23:22,1559661720,9.0339,9.0482,9.0339,9.0482,571.6
2019-06-04 23:23,1559661780,9.047,9.047,9.0403,9.0403,157.63
2019-06-04 23:24,1559661840,9.0403,9.0403,9.0308,9.0308,337.83
2019-06-04 23:25,1559661900,9.0394,9.0437,9.0382,9.0382,178.65
2019-06-04 23:26,1559661960,9.0527,9.0845,9.046,9.0844,2416.59
2019-06-04 23:27,1559662020,9.091,9.095,9.0501,9.0622,908.19
2019-06-04 23:28,1559662080,9.0729,9.0846,9.0615,9.0759,483.29
2019-06-04 23:29,1559662140,9.0799,9.0992,9.0635,9.0635,950.36
2019-06-04 23:30,1559662200,9.0559,9.0803,9.0559,9.0775,682.56
2019-06-04 23:31,1559662260,9.0775,9.0941,9.073,9.0855,583.73
2019-06-04 23:32,1559662320,9.0891,9.1039,9.078,9.1036,1143.73
2019-06-04 23:33,1559662380,9.1026,9.1026,9.0846,9.0874,459.47
2019-06-04 23:34,1559662440,9.0846,9.0874,9.0726,9.0769,333.3
2019-06-04 23:35,1559662500,9.0828,9.0869,9.0751,9.0869,443.56
2019-06-04 23:36,1559662560,9.0846,9.0848,9.0694,9.0842,395.79
2019-06-04 23:37,1559662620,9.0866,9.0873,9.0789,9.0789,241.85
2019-06-04 23:38,1559662680,9.0774,9.0781,9.0722,9.0781,70.77
2019-06-04 23:39,1559662740,9.0781,9.0781,9.0578,9.0578,203.05
2019-06-04 23:40,1559662800,9.0598,9.076,9.0598,9.06,249.69
2019-06-04 23:41,1559662860,9.0647,9.0647,9.052,9.052,192.11
2019-06-04 23:42,1559662920,9.053,9.0695,9.0527,9.0653,482.73
2019-06-04 23:43,1559662980,9.0684,9.0729,9.0684,9.0729,153.26
2019-06-04 23:44,1559663040,9.0665,9.0675,9.0438,9.0458,416.14
2019-06-04 23:45,1559663100,9.0427,9.0427,9.0319,9.0319,145.2
2019-06-04 23:46,1559663160,9.0301,9.0301,9.0152,9.0279,651.13
2019-06-04 23:47,1559663220,9.0213,9.0213,9.0129,9.0129,209.18
2019-06-04 23:48,1559663280,9.0075,9.0258,9.0075,9.0258,49.19
2019-06-04 23:49,1559663340,9.0329,9.0329,9.0286,9.0286,149.71
2019-06-04 23:50,1559663400,9.0267,9.0333,9.0267,9.0287,334.99
2019-06-04 23:51,1559663460,9.0329,9.0504,9.0291,9.0291,125.53
2019-06-04 23:52,1559663520,9.0384,9.046,9.0384,9.0452,346.87
2019-06-04 23:53,1559663580,9.0379,9.0379,9.0286,9.0286,364.41
2019-06-04 23:54,1559663640,9.0432,9.0522,9.0432,9.0522,128.03
2019-06-04 23:55,1559663700,9.0361,9.0361,9.0112,9.0153,510.34
2019-06-04 23:56,1559663760,9.0113,9.0113,8.9831,8.9868,504.73
2019-06-04 23:57,1559663820,8.9986,9.0056,8.9751,8.9875,653.09
2019-06-04 23:58,1559663880,8.9885,8.9885,8.9581,8.9825,999.57
2019-06-04 23:59,1559663940,8.9749,8.9749,8.9676,8.9676,63.31
2019-06-05 00:00,1559664000,8.9817,9.0192,8.98,8.9991,809.78
2019-06-05 00:01,1559664060,8.9991,8.9991,8.9266,8.9292,2140.23
2019-06-05 00:02,1559664120,8.9268,8.9417,8.9079,8.9079,1423.37
2019-06-05 00:03,1559664180,8.9203,8.9496,8.9203,8.9311,950.68
2019-06-05 00:04,1559664240,8.9245,8.9688,8.924,8.9597,772.37
2019-06-05 00:05,1559664300,8.9554,8.975,8.9475,8.9648,639.28
2019-06-05 00:06,1559664360,8.9617,8.9618,8.9404,8.9404,1174.95
2019-06-05 00:07,1559664420,8.9509,8.9651,8.9405,8.9619,329.75
2019-06-05 00:08,1559664480,8.9791,9.0165,8.9791,9.0165,837.42
2019-06-05 00:09,1559664540,9.0153,9.0299,8.9862,9.006,2584.05
2019-06-05 00:10,1559664600,9.0059,9.0251,9.0005,9.0218,1398.64
2019-06-05 00:11,1559664660,9.0182,9.0182,9.0098,9.0141,398.06
2019-06-05 00:12,1559664720,9.0128,9.0319,9.0123,9.0296,403.1
2019-06-05 00:13,1559664780,9.0262,9.0365,9.0262,9.0365,394.92
2019-06-05 00:14,1559664840,9.0385,9.0776,9.0324,9.0775,1446.01
2019-06-05 00:15,1559664900,9.0769,9.089,9.0711,9.0868,1524.76
2019-06-05 00:16,1559664960,9.0852,9.0852,9.0425,9.0503,490.07
2019-06-05 00:17,1559665020,9.0499,9.0499,9.0345,9.0389,649.94
2019-06-05 00:18,1559665080,9.041,9.056,9.0319,9.0464,647.42
2019-06-05 00:19,1559665140,9.0471,9.0557,9.0471,9.0523,493.42
2019-06-05 00:20,1559665200,9.0522,9.0875,9.0522,9.0801,790.18
2019-06-05 00:21,1559665260,9.0801,9.095,9.0801,9.0887,438.44
2019-06-05 00:22,1559665320,9.0887,9.1062,9.0612,9.099,2192.53
2019-06-05 00:23,1559665380,9.08,9.0886,9.0742,9.0883,386.72
2019-06-05 00:24,1559665440,9.0823,9.0823,9.0755,9.0785,292.14
2019-06-05 00:25,1559665500,9.0636,9.066,9.0583,9.0659,531.78
2019-06-05 00:26,1559665560,9.0585,9.0604,9.0518,9.0523,528.19
2019-06-05 00:27,1559665620,9.039,9.0472,9.039,9.0472,51.74
2019-06-05 00:28,1559665680,9.043,9.043,9.0319,9.0319,58.33
2019-06-05 00:29,1559665740,9.0319,9.0478,9.0211,9.0376,452.68
2019-06-05 00:30,1559665800,9.0376,9.0376,9.0279,9.028,281.98
2019-06-05 00:31,1559665860,9.0342,9.0342,9.0137,9.0285,1013.86
2019-06-05 00:32,1559665920,9.03,9.0546,9.0278,9.0545,1719.4
2019-06-05 00:33,1559665980,9.0464,9.0464,9.0464,9.0464,123.73
2019-06-05 00:34,1559666040,9.029,9.029,9.0126,9.0126,140.83
2019-06-05 00:35,1559666100,9.0098,9.0098,8.9974,8.9974,292.83
2019-06-05 00:36,1559666160,8.9947,8.9961,8.9688,8.9688,225.63
2019-06-05 00:37,1559666220,8.9709,8.9953,8.9696,8.9709,1441.02
2019-06-05 00:38,1559666280,8.9627,8.988,8.9627,8.9807,931.73
2019-06-05 00:39,1559666340,8.9792,8.988,8.9654,8.9856,1097.17
2019-06-05 00:40,1559666400,8.9866,8.9866,8.9687,8.9695,549.91
2019-06-05 00:41,1559666460,8.9774,8.9871,8.9579,8.9579,426.61
2019-06-05 00:42,1559666520,8.9577,8.9669,8.9398,8.9653,2035.01
2019-06-05 00:43,1559666580,8.9653,8.9719,8.948,8.9641,737.12
2019-06-05 00:44,1559666640,8.9477,8.9803,8.9477,8.9803,381.28
2019-06-05 00:45,1559666700,8.9773,8.9811,8.9644,8.9811,318.19
2019-06-05 00:46,1559666760,8.9862,8.993,8.9802,8.993,325.2
2019-06-05 00:47,1559666820,9.0004,9.0108,8.954,8.9732,1305.81
2019-06-05 00:48,1559666880,8.9821,8.9825,8.9592,8.9592,73.85
2019-06-05 00:49,1559666940,8.9618,8.9765,8.9618,8.9705,477.77
2019-06-05 00:50,1559667000,8.9719,8.9719,8.9581,8.9619,235.65
2019-06-05 00:51,1559667060,8.9682,8.9682,8.9573,8.9573,293.31
2019-06-05 00:52,1559667120,8.9576,8.9577,8.9452,8.9452,337.0
2019-06-05 00:53,1559667180,8.9585,8.9596,8.9559,8.9596,335.39
2019-06-05 00:54,1559667240,8.9585,8.9625,8.9546,8.9625,305.9
2019-06-05 00:55,1559667300,8.9735,8.9789,8.9735,8.9789,345.82
2019-06-05 00:56,1559667360,8.977,9.0003,8.977,8.9988,942.01
2019-06-05 00:57,1559667420,9.0004,9.0004,8.9415,8.9558,1574.53
2019-06-05 00:58,1559667480,8.9621,8.9947,8.9621,8.973,1014.68
2019-06-05 00:59,1559667540,8.9646,8.9892,8.9587,8.9795,1408.23
2019-06-05 01:00,1559667600,8.9795,9.0176,8.9795,8.9932,565.07
2019-06-05 01:01,1559667660,9.0015,9.0058,8.9893,9.0021,739.33
2019-06-05 01:02,1559667720,8.9985,8.9985,8.9623,8.9742,614.91
2019-06-05 01:03,1559667780,8.9633,8.991,8.9633,8.9779,722.34
2019-06-05 01:04,1559667840,8.9774,8.9807,8.9735,8.9735,163.45
2019-06-05 01:05,1559667900,8.9707,8.9761,8.9704,8.9737,418.86
2019-06-05 01:06,1559667960,8.9749,8.9783,8.9693,8.9693,496.88
2019-06-05 01:07,1559668020,8.9604,8.9604,8.9373,8.939,270.2
2019-06-05 01:08,1559668080,8.9438,8.9555,8.9386,8.9386,458.67
2019-06-05 01:09,1559668140,8.9427,8.9561,8.9255,8.9379,610.65
2019-06-05 01:10,1559668200,8.9225,8.932,8.9202,8.9232,303.84
2019-06-05 01:11,1559668260,8.9232,8.9232,8.8943,8.8943,1186.6
2019-06-05 01:12,1559668320,8.8881,8.901,8.8471,8.8471,1975.96
2019-06-05 01:13,1559668380,8.8472,8.9089,8.8451,8.8737,3934.21
2019-06-05 01:14,1559668440,8.8733,8.8858,8.8315,8.882,3580.19
2019-06-05 01:15,1559668500,8.882,8.882,8.7864,8.8,2717.21
2019-06-05 01:16,1559668560,8.7994,8.8575,8.7864,8.8321,4814.3
2019-06-05 01:17,1559668620,8.8363,8.8637,8.8033,8.8033,1025.37
2019-06-05 01:18,1559668680,8.8052,8.8455,8.8004,8.84,5880.99
2019-06-05 01:19,1559668740,8.8268,8.8427,8.8109,8.8218,916.64
2019-06-05 01:20,1559668800,8.8155,8.8379,8.8154,8.8303,1153.83
2019-06-05 01:21,1559668860,8.8112,8.8259,8.8,8.8013,689.3
2019-06-05 01:22,1559668920,8.8003,8.8039,8.7798,8.7893,927.51
2019-06-05 01:23,1559668980,8.7911,8.8012,8.7438,8.7438,1615.11
2019-06-05 01:24,1559669040,8.7525,8.8018,8.7424,8.7781,1169.59
2019-06-05 01:25,1559669100,8.7895,8.8018,8.7774,8.7961,757.96
2019-06-05 01:26,1559669160,8.7983,8.8111,8.7884,8.7899,802.1
2019-06-05 01:27,1559669220,8.7886,8.8111,8.7882,8.8095,961.71
2019-06-05 01:28,1559669280,8.809,8.8103,8.79,8.7953,978.63
2019-06-05 01:29,1559669340,8.8052,8.8052,8.7653,8.7829,772.77
2019-06-05 01:30,1559669400,8.7829,8.7961,8.7654,8.7654,188.57
2019-06-05 01:31,1559669460,8.7755,8.7769,8.7603,8.7603,648.81
2019-06-05 01:32,1559669520,8.7603,8.7806,8.7484,8.7806,375.84
2019-06-05 01:33,1559669580,8.7819,8.7974,8.7819,8.7974,415.95
2019-06-05 01:34,1559669640,8.7813,8.7996,8.7777,8.7959,660.52
2019-06-05 01:35,1559669700,8.7779,8.7875,8.7779,8.7853,347.92
2019-06-05 01:36,1559669760,8.7664,8.7748,8.7303,8.7386,1100.32
2019-06-05 01:37,1559669820,8.7383,8.7515,8.7,8.7129,5866.09
2019-06-05 01:38,1559669880,8.7129,8.7129,8.6668,8.6872,3015.76
2019-06-05 01:39,1559669940,8.6958,8.6982,8.64,8.6555,1554.19
2019-06-05 01:40,1559670000,8.6506,8.6511,8.5828,8.599,6702.24
2019-06-05 01:41,1559670060,8.5904,8.6217,8.4768,8.5188,6974.56
2019-06-05 01:42,1559670120,8.5197,8.5895,8.4958,8.5191,5401.8
2019-06-05 01:43,1559670180,8.5178,8.5452,8.47,8.5333,4322.42
2019-06-05 01:44,1559670240,8.5159,8.5334,8.4811,8.4811,3365.77
2019-06-05 01:45,1559670300,8.4811,8.5572,8.4757,8.5363,4354.56
2019-06-05 01:46,1559670360,8.5561,8.5884,8.517,8.548,4816.45
2019-06-05 01:47,1559670420,8.548,8.5513,8.4919,8.5162,2551.1
2019-06-05 01:48,1559670480,8.5057,8.5156,8.4774,8.4889,1990.49
2019-06-05 01:49,1559670540,8.4898,8.5074,8.44,8.4681,6693.62
2019-06-05 01:50,1559670600,8.4797,8.4949,8.4512,8.4748,2784.42
2019-06-05 01:51,1559670660,8.4748,8.4814,8.4,8.401,3605.54
2019-06-05 01:52,1559670720,8.4,8.4688,8.3973,8.4637,5695.15
2019-06-05 01:53,1559670780,8.4514,8.4754,8.417,8.4191,4433.36
2019-06-05 01:54,1559670840,8.4302,8.4302,8.3997,8.4196,1739.05
2019-06-05 01:55,1559670900,8.4158,8.4211,8.3418,8.3881,4416.26
2019-06-05 01:56,1559670960,8.3865,8.3903,8.2301,8.231,19121.59
2019-06-05 01:57,1559671020,8.2496,8.3229,8.2203,8.3214,8200.66
2019-06-05 01:58,1559671080,8.3329,8.361,8.3002,8.3312,3938.05
2019-06-05 01:59,1559671140,8.3267,8.3325,8.2825,8.307,2376.0
2019-06-05 02:00,1559671200,8.314,8.3266,8.2706,8.2748,3379.88
2019-06-05 02:01,1559671260,8.2747,8.3218,8.2534,8.3096,7566.65
2019-06-05 02:02,1559671320,8.3097,8.314,8.2999,8.3114,3344.99
2019-06-05 02:03,1559671380,8.3202,8.3378,8.32,8.3378,1712.47
2019-06-05 02:04,1559671440,8.3255,8.3757,8.3205,8.3639,4484.91
2019-06-05 02:05,1559671500,8.3678,8.389,8.3648,8.3832,2156.01
2019-06-05 02:06,1559671560,8.3832,8.392,8.3758,8.3829,1375.33
2019-06-05 02:07,1559671620,8.3907,8.4125,8.386,8.4086,3491.75
2019-06-05 02:08,1559671680,8.404,8.4381,8.4037,8.406,3068.66
2019-06-05 02:09,1559671740,8.4088,8.4455,8.4022,8.4242,2366.48
2019-06-05 02:10,1559671800,8.4114,8.4568,8.3985,8.4104,4618.32
2019-06-05 02:11,1559671860,8.4167,8.4447,8.416,8.4264,1069.84
2019-06-05 02:12,1559671920,8.4326,8.4402,8.4124,8.4206,3141.38
2019-06-05 02:13,1559671980,8.4233,8.4386,8.401,8.401,1161.1
2019-06-05 02:14,1559672040,8.4013,8.406,8.3888,8.3999,2608.79
2019-06-05 02:15,1559672100,8.3879,8.389,8.3558,8.3793,1404.12
2019-06-05 02:16,1559672160,8.3784,8.383,8.3621,8.37,8051.1
2019-06-05 02:17,1559672220,8.3872,8.4,8.3811,8.3956,1379.98
2019-06-05 02:18,1559672280,8.4,8.4136,8.3709,8.3979,1809.41
2019-06-05 02:19,1559672340,8.3856,8.4326,8.3852,8.4042,2000.04
2019-06-05 02:20,1559672400,8.398,8.405,8.3903,8.3946,803.69
2019-06-05 02:21,1559672460,8.3999,8.41,8.3948,8.41,1988.94
2019-06-05 02:22,1559672520,8.4172,8.4174,8.3944,8.3965,1285.31
2019-06-05 02:23,1559672580,8.4044,8.4079,8.3954,8.4079,450.99
2019-06-05 02:24,1559672640,8.4124,8.4194,8.4041,8.4096,1527.62
2019-06-05 02:25,1559672700,8.4001,8.4099,8.3825,8.3825,1500.02
2019-06-05 02:26,1559672760,8.3825,8.3845,8.356,8.356,1332.9
2019-06-05 02:27,1559672820,8.3602,8.3654,8.3346,8.3615,1759.09
2019-06-05 02:28,1559672880,8.3617,8.3922,8.357,8.388,1478.39
2019-06-05 02:29,1559672940,8.3783,8.3884,8.3726,8.3884,591.57
2019-06-05 02:30,1559673000,8.3883,8.401,8.3883,8.401,326.82
2019-06-05 02:31,1559673060,8.401,8.4011,8.3877,8.3951,1581.44
2019-06-05 02:32,1559673120,8.375,8.3756,8.375,8.3752,242.09
2019-06-05 02:33,1559673180,8.3759,8.3858,8.3737,8.3737,672.35
2019-06-05 02:34,1559673240,8.3695,8.3912,8.3695,8.3912,1158.33
2019-06-05 02:35,1559673300,8.3976,8.3976,8.3747,8.3747,126.84
2019-06-05 02:36,1559673360,8.3831,8.3831,8.3701,8.3739,166.86
2019-06-05 02:37,1559673420,8.3701,8.3701,8.3653,8.3653,53.93
2019-06-05 02:38,1559673480,8.3735,8.3742,8.3519,8.3519,606.74
2019-06-05 02:39,1559673540,8.3577,8.3577,8.3205,8.3348,4423.02
2019-06-05 02:40,1559673600,8.3363,8.3623,8.329,8.3588,675.24
2019-06-05 02:41,1559673660,8.3555,8.3659,8.3514,8.3659,828.38
2019-06-05 02:42,1559673720,8.3632,8.3652,8.3338,8.3338,755.51
2019-06-05 02:43,1559673780,8.3331,8.3404,8.3237,8.3404,671.56
2019-06-05 02:44,1559673840,8.331,8.3453,8.331,8.3452,891.42
2019-06-05 02:45,1559673900,8.3407,8.3407,8.3287,8.3342,735.21
2019-06-05 02:46,1559673960,8.34,8.34,8.3233,8.3236,1091.15
2019-06-05 02:47,1559674020,8.3206,8.3291,8.3152,8.3291,497.28
2019-06-05 02:48,1559674080,8.3296,8.3296,8.3036,8.3036,555.34
2019-06-05 02:49,1559674140,8.3,8.301,8.2764,8.2769,1500.34
2019-06-05 02:50,1559674200,8.2751,8.2751,8.2368,8.2547,4903.44
2019-06-05 02:51,1559674260,8.2421,8.2475,8.2252,8.227,846.14
2019-06-05 02:52,1559674320,8.2265,8.237,8.2059,8.2223,2537.6
2019-06-05 02:53,1559674380,8.2224,8.2321,8.1877,8.2029,3114.47
2019-06-05 02:54,1559674440,8.2132,8.2239,8.1989,8.2182,1547.72
2019-06-05 02:55,1559674500,8.2182,8.22,8.2008,8.2117,568.02
2019-06-05 02:56,1559674560,8.2117,8.2237,8.2102,8.2102,1239.64
2019-06-05 02:57,1559674620,8.2091,8.21,8.1245,8.1246,5104.36
2019-06-05 02:58,1559674680,8.1342,8.1364,8.05,8.05,6730.08
2019-06-05 02:59,1559674740,8.05,8.05,8.017,8.0329,8587.79
2019-06-05 03:00,1559674800,8.0443,8.0522,7.9124,7.9185,15904.05
2019-06-05 03:01,1559674860,7.921,7.9499,7.8603,7.898,9127.46
2019-06-05 03:02,1559674920,7.8975,8.0118,7.8975,7.9849,9650.72
2019-06-05 03:03,1559674980,7.9825,8.0528,7.966,8.0348,5043.85
2019-06-05 03:04,1559675040,8.0537,8.0723,7.9942,7.9942,2485.62
2019-06-05 03:05,1559675100,7.9941,8.054,7.9594,7.9611,7557.89
2019-06-05 03:06,1559675160,7.967,7.9923,7.9458,7.9857,4785.0
2019-06-05 03:07,1559675220,7.9856,7.9999,7.9295,7.9389,3696.74
2019-06-05 03:08,1559675280,7.9296,7.9419,7.76,7.761,11409.0
2019-06-05 03:09,1559675340,7.7639,7.7698,7.61,7.6313,13713.22
2019-06-05 03:10,1559675400,7.6313,7.7179,7.5591,7.5856,23586.54
2019-06-05 03:11,1559675460,7.5985,7.7192,7.5274,7.7192,13624.15
2019-06-05 03:12,1559675520,7.7192,7.7452,7.6111,7.6482,11358.99
2019-06-05 03:13,1559675580,7.6556,7.7503,7.6482,7.707,9357.04
2019-06-05 03:14,1559675640,7.707,7.8,7.7026,7.7387,8680.87
2019-06-05 03:15,1559675700,7.7387,7.7986,7.6941,7.735,4753.7
2019-06-05 03:16,1559675760,7.735,7.7526,7.6681,7.713,6143.92
2019-06-05 03:17,1559675820,7.7131,7.7787,7.7131,7.765,6574.35
2019-06-05 03:18,1559675880,7.7651,7.8017,7.7424,7.7804,2696.56
2019-06-05 03:19,1559675940,7.79,7.845,7.79,7.8264,8546.16
2019-06-05 03:20,1559676000,7.8298,7.8721,7.8077,7.8474,7016.58
2019-06-05 03:21,1559676060,7.833,7.8533,7.8158,7.8182,2383.87
2019-06-05 03:22,1559676120,7.8237,7.8628,7.8002,7.8628,5856.94
2019-06-05 03:23,1559676180,7.8629,7.8629,7.8059,7.8378,4909.95
2019-06-05 03:24,1559676240,7.8298,7.8485,7.7467,7.7729,6577.86
2019-06-05 03:25,1559676300,7.772,7.8076,7.7225,7.7497,6903.01
2019-06-05 03:26,1559676360,7.7497,7.8232,7.7497,7.7903,3338.12
2019-06-05 03:27,1559676420,7.7904,7.82,7.79,7.7997,2996.3
2019-06-05 03:28,1559676480,7.797,7.8171,7.78,7.8016,8719.87
2019-06-05 03:29,1559676540,7.7958,7.8284,7.7958,7.8196,3117.8
2019-06-05 03:30,1559676600,7.8228,7.8228,7.7871,7.8159,1596.1
2019-06-05 03:31,1559676660,7.8023,7.8091,7.7855,7.808,2641.04
2019-06-05 03:32,1559676720,7.7879,7.8053,7.7316,7.7459,2949.14
2019-06-05 03:33,1559676780,7.7674,7.7912,7.7459,7.7546,4644.29
2019-06-05 03:34,1559676840,7.7753,7.8017,7.7609,7.784,3439.8
2019-06-05 03:35,1559676900,7.7648,7.8284,7.7648,7.8111,2113.65
2019-06-05 03:36,1559676960,7.8121,7.8268,7.7912,7.8049,5347.2
2019-06-05 03:37,1559677020,7.7921,7.8157,7.7706,7.8074,2470.8
2019-06-05 03:38,1559677080,7.7974,7.8203,7.7822,7.7973,3149.62
2019-06-05 03:39,1559677140,7.7984,7.8145,7.7809,7.8025,2794.43
2019-06-05 03:40,1559677200,7.8132,7.8218,7.7888,7.8218,3174.61
2019-06-05 03:41,1559677260,7.8144,7.8268,7.7908,7.8044,4092.09
2019-06-05 03:42,1559677320,7.8105,7.8105,7.78,7.7965,2760.0
2019-06-05 03:43,1559677380,7.795,7.8154,7.7807,7.8029,1698.54
2019-06-05 03:44,1559677440,7.8155,7.8155,7.7806,7.7944,3297.77
2019-06-05 03:45,1559677500,7.7903,7.8096,7.7503,7.7568,4833.16
2019-06-05 03:46,1559677560,7.7651,7.7654,7.7219,7.7334,5576.11
2019-06-05 03:47,1559677620,7.7321,7.7635,7.6988,7.7401,12733.9
2019-06-05 03:48,1559677680,7.7571,7.7582,7.7071,7.708,3171.94
2019-06-05 03:49,1559677740,7.707,7.7102,7.6408,7.707,4818.75
2019-06-05 03:50,1559677800,7.707,7.7411,7.6889,7.7406,3918.65
2019-06-05 03:51,1559677860,7.7407,7.7416,7.707,7.7355,3638.71
2019-06-05 03:52,1559677920,7.728,7.7459,7.7194,7.7414,2090.13
2019-06-05 03:53,1559677980,7.7376,7.7693,7.7257,7.7404,4848.24
2019-06-05 03:54,1559678040,7.7499,7.7924,7.7385,7.7751,4532.4
2019-06-05 03:55,1559678100,7.7751,7.7854,7.7539,7.7657,1475.07
2019-06-05 03:56,1559678160,7.7579,7.7675,7.7458,7.7537,2084.28
2019-06-05 03:57,1559678220,7.755,7.7657,7.7386,7.7515,1824.32
2019-06-05 03:58,1559678280,7.7516,7.7516,7.7096,7.7096,986.92
2019-06-05 03:59,1559678340,7.7124,7.7501,7.6948,7.7501,3339.58
2019-06-05 04:00,1559678400,7.7501,7.758,7.724,7.724,1411.92
2019-06-05 04:01,1559678460,7.7243,7.7371,7.6961,7.7337,1465.13
2019-06-05 04:02,1559678520,7.735,7.7386,7.6871,7.6872,3242.38
2019-06-05 04:03,1559678580,7.6976,7.6977,7.661,7.6715,4778.43
2019-06-05 04:04,1559678640,7.672,7.6872,7.6514,7.6871,1989.78
2019-06-05 04:05,1559678700,7.6768,7.6938,7.6574,7.6654,4082.6
2019-06-05 04:06,1559678760,7.6653,7.6911,7.6636,7.6815,1968.25
2019-06-05 04:07,1559678820,7.6875,7.697,7.6771,7.697,1830.74
2019-06-05 04:08,1559678880,7.7069,7.7298,7.7069,7.7227,1012.79
2019-06-05 04:09,1559678940,7.7222,7.7617,7.7222,7.7516,2004.68
2019-06-05 04:10,1559679000,7.7515,7.793,7.7515,7.7794,2087.89
2019-06-05 04:11,1559679060,7.7927,7.8089,7.7814,7.789,2466.39
2019-06-05 04:12,1559679120,7.789,7.8097,7.7885,7.8013,1294.21
2019-06-05 04:13,1559679180,7.8133,7.8229,7.8011,7.8157,1869.96
2019-06-05 04:14,1559679240,7.8065,7.8174,7.7864,7.8009,964.69
2019-06-05 04:15,1559679300,7.8041,7.8237,7.8014,7.8065,1869.71
2019-06-05 04:16,1559679360,7.825,7.8566,7.8228,7.8549,911.03
2019-06-05 04:17,1559679420,7.855,7.8667,7.8387,7.8482,1351.73
2019-06-05 04:18,1559679480,7.8603,7.872,7.8575,7.8718,813.08
2019-06-05 04:19,1559679540,7.8626,7.8698,7.8422,7.8643,1806.02
2019-06-05 04:20,1559679600,7.8635,7.8768,7.8635,7.8742,774.14
2019-06-05 04:21,1559679660,7.8797,7.8916,7.8756,7.8756,599.23
2019-06-05 04:22,1559679720,7.8854,7.8945,7.8525,7.8596,2835.48
2019-06-05 04:23,1559679780,7.8586,7.8669,7.8454,7.8538,1591.22
2019-06-05 04:24,1559679840,7.8532,7.8532,7.836,7.838,1066.52
2019-06-05 04:25,1559679900,7.8491,7.8768,7.8491,7.8768,1568.32
2019-06-05 04:26,1559679960,7.8776,7.8788,7.865,7.87,859.98
2019-06-05 04:27,1559680020,7.867,7.8887,7.867,7.8805,658.29
2019-06-05 04:28,1559680080,7.8865,7.8905,7.8718,7.8718,1021.16
2019-06-05 04:29,1559680140,7.8722,7.8858,7.86,7.8702,1933.58
2019-06-05 04:30,1559680200,7.8647,7.8709,7.8588,7.8633,1354.86
2019-06-05 04:31,1559680260,7.8679,7.8679,7.843,7.8499,1962.27
2019-06-05 04:32,1559680320,7.8473,7.8473,7.8164,7.8164,2480.3
2019-06-05 04:33,1559680380,7.8252,7.8368,7.8035,7.8365,1027.08
2019-06-05 04:34,1559680440,7.8354,7.8645,7.8333,7.8444,2733.82
2019-06-05 04:35,1559680500,7.8444,7.8563,7.8379,7.8524,720.94
2019-06-05 04:36,1559680560,7.8523,7.8578,7.84,7.85,1274.17
2019-06-05 04:37,1559680620,7.8501,7.86,7.8301,7.853,1517.46
2019-06-05 04:38,1559680680,7.8562,7.86,7.8543,7.86,43.93
2019-06-05 04:39,1559680740,7.8601,7.8601,7.8452,7.8543,776.13
2019-06-05 04:40,1559680800,7.854,7.8712,7.8507,7.8712,470.48
2019-06-05 04:41,1559680860,7.8732,7.8945,7.8716,7.8903,2199.84
2019-06-05 04:42,1559680920,7.8896,7.8963,7.8841,7.8963,545.44
2019-06-05 04:43,1559680980,7.9,7.9168,7.9,7.9167,1172.89
2019-06-05 04:44,1559681040,7.9113,7.9409,7.9071,7.9313,1787.03
2019-06-05 04:45,1559681100,7.9313,7.95,7.9254,7.9322,1953.92
2019-06-05 04:46,1559681160,7.9358,7.9436,7.9088,7.9095,1739.32
2019-06-05 04:47,1559681220,7.9094,7.9315,7.9094,7.9315,242.44
2019-06-05 04:48,1559681280,7.9167,7.9369,7.9093,7.9248,1045.58
2019-06-05 04:49,1559681340,7.927,7.927,7.8846,7.8846,1193.69
2019-06-05 04:50,1559681400,7.8916,7.9065,7.891,7.9065,602.5
2019-06-05 04:51,1559681460,7.8998,7.9107,7.8906,7.8906,489.12
2019-06-05 04:52,1559681520,7.8934,7.9065,7.8934,7.9022,622.56
2019-06-05 04:53,1559681580,7.9075,7.9203,7.9039,7.9049,324.91
2019-06-05 04:54,1559681640,7.9022,7.9401,7.8952,7.9247,632.96
2019-06-05 04:55,1559681700,7.9251,7.9278,7.9205,7.9278,385.36
2019-06-05 04:56,1559681760,7.9314,7.945,7.9314,7.9331,464.72
2019-06-05 04:57,1559681820,7.939,7.9479,7.9382,7.9382,745.44
2019-06-05 04:58,1559681880,7.9377,7.9398,7.9248,7.9315,3306.58
2019-06-05 04:59,1559681940,7.9305,7.9355,7.9271,7.9311,1620.04
2019-06-05 05:00,1559682000,7.924,7.9408,7.9181,7.9291,882.69
2019-06-05 05:01,1559682060,7.9366,7.9369,7.9291,7.9369,338.52
2019-06-05 05:02,1559682120,7.9348,7.9417,7.9272,7.9293,1140.58
2019-06-05 05:03,1559682180,7.9233,7.9297,7.9105,7.9297,1321.83
2019-06-05 05:04,1559682240,7.9347,7.948,7.9347,7.9366,128.42
2019-06-05 05:05,1559682300,7.9403,7.9461,7.9403,7.9461,333.56
2019-06-05 05:06,1559682360,7.9461,7.952,7.9409,7.9429,160.08
2019-06-05 05:07,1559682420,7.9474,7.9474,7.9337,7.9444,536.24
2019-06-05 05:08,1559682480,7.9447,7.9447,7.9372,7.9431,223.51
2019-06-05 05:09,1559682540,7.9427,7.9507,7.9427,7.9507,287.64
2019-06-05 05:10,1559682600,7.9515,7.9567,7.9515,7.9515,262.53
2019-06-05 05:11,1559682660,7.9565,7.9667,7.9524,7.9667,1138.36
2019-06-05 05:12,1559682720,7.9695,7.9841,7.9671,7.9841,801.82
2019-06-05 05:13,1559682780,7.9763,7.9819,7.9749,7.9795,798.28
2019-06-05 05:14,1559682840,7.9778,7.9785,7.9603,7.9603,1039.21
2019-06-05 05:15,1559682900,7.9563,7.9703,7.9563,7.9655,269.23
2019-06-05 05:16,1559682960,7.9558,7.9604,7.9472,7.9532,357.78
2019-06-05 05:17,1559683020,7.9519,7.9552,7.9298,7.9395,4135.13
2019-06-05 05:18,1559683080,7.9298,7.9435,7.9279,7.9279,316.38
2019-06-05 05:19,1559683140,7.9272,7.9272,7.9102,7.9154,1628.09
2019-06-05 05:20,1559683200,7.9153,7.9173,7.891,7.8999,926.53
2019-06-05 05:21,1559683260,7.9,7.91,7.9,7.91,175.37
2019-06-05 05:22,1559683320,7.9085,7.9269,7.9085,7.9097,469.14
2019-06-05 05:23,1559683380,7.915,7.9279,7.9094,7.9109,1116.42
2019-06-05 05:24,1559683440,7.9173,7.9206,7.9119,7.9119,66.23
2019-06-05 05:25,1559683500,7.9214,7.9214,7.8892,7.8989,1077.28
2019-06-05 05:26,1559683560,7.9077,7.9078,7.8893,7.8929,551.58
2019-06-05 05:27,1559683620,7.8893,7.9107,7.8868,7.9045,524.44
2019-06-05 05:28,1559683680,7.9038,7.9038,7.9032,7.9032,149.19
2019-06-05 05:29,1559683740,7.9026,7.9032,7.8837,7.8837,935.28
2019-06-05 05:30,1559683800,7.8917,7.8917,7.8412,7.8603,4543.68
2019-06-05 05:31,1559683860,7.855,7.8765,7.8528,7.8736,536.05
2019-06-05 05:32,1559683920,7.872,7.872,7.8547,7.8595,423.5
2019-06-05 05:33,1559683980,7.8544,7.8728,7.8426,7.8647,2331.68
2019-06-05 05:34,1559684040,7.8535,7.8582,7.8477,7.8477,311.78
2019-06-05 05:35,1559684100,7.8406,7.8461,7.8083,7.8083,392.61
2019-06-05 05:36,1559684160,7.8239,7.8239,7.8073,7.8082,153.38
2019-06-05 05:37,1559684220,7.8024,7.8024,7.7773,7.8,1127.59
2019-06-05 05:38,1559684280,7.7988,7.8188,7.7988,7.8048,53.87
2019-06-05 05:39,1559684340,7.8166,7.8193,7.8022,7.805,441.85
2019-06-05 05:40,1559684400,7.8148,7.8148,7.8072,7.8098,171.4
2019-06-05 05:41,1559684460,7.807,7.8121,7.7897,7.7898,426.7
2019-06-05 05:42,1559684520,7.8046,7.8374,7.8046,7.8167,1676.87
2019-06-05 05:43,1559684580,7.84,7.84,7.8134,7.8165,558.09
2019-06-05 05:44,1559684640,7.813,7.8232,7.8117,7.819,788.95
2019-06-05 05:45,1559684700,7.8217,7.8292,7.819,7.8269,119.27
2019-06-05 05:46,1559684760,7.8263,7.8531,7.8263,7.8517,726.43
2019-06-05 05:47,1559684820,7.8602,7.8606,7.8379,7.8379,987.51
2019-06-05 05:48,1559684880,7.8464,7.8648,7.8464,7.8648,815.35
2019-06-05 05:49,1559684940,7.8564,7.8842,7.8564,7.8842,716.52
2019-06-05 05:50,1559685000,7.8855,7.8963,7.8855,7.8963,475.58
2019-06-05 05:51,1559685060,7.8989,7.911,7.8989,7.911,142.83
2019-06-05 05:52,1559685120,7.9172,7.9199,7.9129,7.9198,282.81
2019-06-05 05:53,1559685180,7.917,7.9267,7.907,7.9227,1331.5
2019-06-05 05:54,1559685240,7.9225,7.9225,7.8841,7.8887,1126.92
2019-06-05 05:55,1559685300,7.8847,7.8847,7.8289,7.8379,1681.36
2019-06-05 05:56,1559685360,7.8228,7.8552,7.759,7.7915,5913.83
2019-06-05 05:57,1559685420,7.8096,7.8551,7.8007,7.8469,3263.53
2019-06-05 05:58,1559685480,7.8556,7.8556,7.7988,7.8017,2701.81
2019-06-05 05:59,1559685540,7.8003,7.8044,7.7147,7.7147,2666.42
2019-06-05 06:00,1559685600,7.7157,7.7954,7.7147,7.7943,4845.67
2019-06-05 06:01,1559685660,7.7949,7.8131,7.764,7.8004,3993.27
2019-06-05 06:02,1559685720,7.7996,7.8253,7.7872,7.8084,3170.91
2019-06-05 06:03,1559685780,7.8087,7.8372,7.8007,7.807,4244.44
2019-06-05 06:04,1559685840,7.807,7.8449,7.807,7.8428,2614.41
2019-06-05 06:05,1559685900,7.843,7.8574,7.8249,7.8343,2828.12
2019-06-05 06:06,1559685960,7.8343,7.8721,7.8313,7.8422,1299.25
2019-06-05 06:07,1559686020,7.8458,7.8878,7.8458,7.8538,1035.42
2019-06-05 06:08,1559686080,7.8537,7.8888,7.8525,7.8719,2586.0
2019-06-05 06:09,1559686140,7.8729,7.8813,7.8593,7.8639,549.28
2019-06-05 06:10,1559686200,7.8655,7.8936,7.8558,7.8558,1354.92
2019-06-05 06:11,1559686260,7.8729,7.8769,7.8628,7.8734,544.94
2019-06-05 06:12,1559686320,7.8769,7.8903,7.8617,7.8786,1227.47
2019-06-05 06:13,1559686380,7.8671,7.89,7.8564,7.89,230.57
2019-06-05 06:14,1559686440,7.8749,7.8764,7.8602,7.8754,682.88
2019-06-05 06:15,1559686500,7.8703,7.9109,7.8649,7.8962,1347.16
2019-06-05 06:16,1559686560,7.8986,7.9168,7.8798,7.8968,859.81
2019-06-05 06:17,1559686620,7.9099,7.9412,7.9099,7.9189,1236.22
2019-06-05 06:18,1559686680,7.9181,7.9612,7.9181,7.9472,826.73
2019-06-05 06:19,1559686740,7.9474,7.9582,7.939,7.939,2279.89
2019-06-05 06:20,1559686800,7.9421,7.9421,7.9082,7.9222,778.06
2019-06-05 06:21,1559686860,7.9183,7.925,7.9072,7.9237,1279.77
2019-06-05 06:22,1559686920,7.9231,7.9634,7.9231,7.9568,1764.77
2019-06-05 06:23,1559686980,7.9631,8.029,7.9629,8.0286,8605.47
2019-06-05 06:24,1559687040,8.0265,8.0265,7.9309,7.9815,3975.28
2019-06-05 06:25,1559687100,7.9745,7.9909,7.9641,7.9665,901.69
2019-06-05 06:26,1559687160,7.9756,7.989,7.9669,7.9727,594.26
2019-06-05 06:27,1559687220,7.9683,7.9862,7.9593,7.9609,1101.58
2019-06-05 06:28,1559687280,7.9689,7.9717,7.945,7.945,1862.1
2019-06-05 06:29,1559687340,7.968,7.968,7.9478,7.9478,230.36
2019-06-05 06:30,1559687400,7.9672,7.9858,7.9524,7.9666,860.01
2019-06-05 06:31,1559687460,7.9757,8.0029,7.9661,8.0029,558.46
2019-06-05 06:32,1559687520,7.9875,7.9875,7.9594,7.9632,3523.43
2019-06-05 06:33,1559687580,7.97,7.9789,7.9677,7.97,123.01
2019-06-05 06:34,1559687640,7.9645,7.971,7.954,7.9667,371.75
2019-06-05 06:35,1559687700,7.9697,7.9737,7.9406,7.949,1996.33
2019-06-05 06:36,1559687760,7.9539,7.9587,7.9323,7.9367,541.06
2019-06-05 06:37,1559687820,7.934,7.9595,7.9234,7.93,6437.39
2019-06-05 06:38,1559687880,7.94,7.9593,7.9127,7.9433,1383.33
2019-06-05 06:39,1559687940,7.948,7.9761,7.9448,7.9668,1422.33
2019-06-05 06:40,1559688000,7.9658,7.9717,7.9615,7.9679,1420.65
2019-06-05 06:41,1559688060,7.9672,7.9775,7.9672,7.9775,253.89
2019-06-05 06:42,1559688120,7.9786,7.9909,7.9724,7.9782,658.69
2019-06-05 06:43,1559688180,7.9767,7.9943,7.9767,7.9943,555.42
2019-06-05 06:44,1559688240,7.9997,8.0169,7.9997,8.0169,725.59
2019-06-05 06:45,1559688300,8.0169,8.0177,8.0002,8.001,370.95
2019-06-05 06:46,1559688360,7.9998,8.0095,7.9998,8.0001,605.54
2019-06-05 06:47,1559688420,8.0037,8.0037,7.9885,7.9945,2749.5
2019-06-05 06:48,1559688480,7.9944,8.0149,7.9908,8.0057,3071.02
2019-06-05 06:49,1559688540,8.0057,8.0138,8.0027,8.0125,966.84
2019-06-05 06:50,1559688600,8.012,8.0197,8.0059,8.0078,681.06
2019-06-05 06:51,1559688660,8.004,8.0053,7.9953,8.0049,2231.31
2019-06-05 06:52,1559688720,8.0067,8.0211,8.005,8.0211,1006.64
2019-06-05 06:53,1559688780,8.0207,8.0349,8.0207,8.0254,728.59
2019-06-05 06:54,1559688840,8.0237,8.054,8.0236,8.0453,2181.8
2019-06-05 06:55,1559688900,8.0395,8.0608,8.0394,8.0608,489.74
2019-06-05 06:56,1559688960,8.0658,8.0723,8.0356,8.0637,2986.08
2019-06-05 06:57,1559689020,8.0637,8.0692,8.0531,8.0534,1074.67
2019-06-05 06:58,1559689080,8.0534,8.0586,8.0498,8.0498,1661.19
2019-06-05 06:59,1559689140,8.0518,8.0518,8.0159,8.0257,1008.35
2019-06-05 07:00,1559689200,8.0287,8.054,8.0287,8.0494,1794.81
2019-06-05 07:01,1559689260,8.0494,8.0557,8.0372,8.0436,4472.64
2019-06-05 07:02,1559689320,8.0436,8.0558,8.0407,8.0408,4457.47
2019-06-05 07:03,1559689380,8.0404,8.0558,8.0374,8.0555,3662.99
2019-06-05 07:04,1559689440,8.0555,8.0558,8.04,8.0415,1242.31
2019-06-05 07:05,1559689500,8.0403,8.0612,8.0403,8.0612,241.83
2019-06-05 07:06,1559689560,8.058,8.0581,8.0527,8.0581,346.35
2019-06-05 07:07,1559689620,8.0676,8.0738,8.0635,8.0643,1289.79
2019-06-05 07:08,1559689680,8.0675,8.0759,8.0665,8.0683,749.64
2019-06-05 07:09,1559689740,8.0714,8.0714,8.0589,8.0599,1093.77
2019-06-05 07:10,1559689800,8.0506,8.0778,8.049,8.0634,2090.23
2019-06-05 07:11,1559689860,8.0694,8.0711,8.0605,8.0605,764.22
2019-06-05 07:12,1559689920,8.0577,8.0651,8.0422,8.0432,1203.71
2019-06-05 07:13,1559689980,8.0438,8.0738,8.0403,8.0554,809.09
2019-06-05 07:14,1559690040,8.0633,8.0674,8.0551,8.0674,2386.36
2019-06-05 07:15,1559690100,8.0733,8.0757,8.0615,8.0735,354.92
2019-06-05 07:16,1559690160,8.076,8.0795,8.0703,8.0752,380.26
2019-06-05 07:17,1559690220,8.0766,8.0835,8.065,8.0807,2657.48
2019-06-05 07:18,1559690280,8.083,8.0831,8.072,8.0792,737.01
2019-06-05 07:19,1559690340,8.0849,8.085,8.0635,8.0759,3823.67
2019-06-05 07:20,1559690400,8.0793,8.0806,8.0657,8.0683,1298.14
2019-06-05 07:21,1559690460,8.0693,8.0767,8.0654,8.0711,1042.1
2019-06-05 07:22,1559690520,8.0747,8.075,8.063,8.0652,313.53
2019-06-05 07:23,1559690580,8.0604,8.0662,8.0564,8.0565,960.81
2019-06-05 07:24,1559690640,8.0569,8.06,8.0548,8.06,350.66
2019-06-05 07:25,1559690700,8.0588,8.076,8.0581,8.076,254.33
2019-06-05 07:26,1559690760,8.0852,8.0852,8.0737,8.0781,481.16
2019-06-05 07:27,1559690820,8.0841,8.1165,8.0841,8.116,1108.81
2019-06-05 07:28,1559690880,8.1049,8.1247,8.1031,8.1219,1654.82
2019-06-05 07:29,1559690940,8.1153,8.1237,8.1139,8.121,977.21
2019-06-05 07:30,1559691000,8.1157,8.1247,8.1155,8.1226,1237.22
2019-06-05 07:31,1559691060,8.1268,8.1333,8.1232,8.1333,453.8
2019-06-05 07:32,1559691120,8.1312,8.1332,8.1305,8.1305,1483.29
2019-06-05 07:33,1559691180,8.13,8.1573,8.129,8.1514,756.46
2019-06-05 07:34,1559691240,8.1508,8.1586,8.1438,8.1581,2292.48
2019-06-05 07:35,1559691300,8.1573,8.16,8.1492,8.1586,2033.93
2019-06-05 07:36,1559691360,8.16,8.1788,8.16,8.1726,540.37
2019-06-05 07:37,1559691420,8.1785,8.18,8.1724,8.1733,474.61
2019-06-05 07:38,1559691480,8.1797,8.1899,8.175,8.1787,3092.4
2019-06-05 07:39,1559691540,8.1863,8.2171,8.1862,8.214,569.45
2019-06-05 07:40,1559691600,8.2092,8.2421,8.2051,8.2253,3138.64
2019-06-05 07:41,1559691660,8.2251,8.2684,8.2209,8.2684,1722.71
2019-06-05 07:42,1559691720,8.26,8.31,8.2584,8.289,1904.81
2019-06-05 07:43,1559691780,8.287,8.3275,8.2838,8.3216,3251.65
2019-06-05 07:44,1559691840,8.3231,8.3328,8.3089,8.323,1585.07
2019-06-05 07:45,1559691900,8.3305,8.3521,8.3231,8.3335,1122.82
2019-06-05 07:46,1559691960,8.3311,8.3311,8.2697,8.2761,3190.35
2019-06-05 07:47,1559692020,8.2706,8.2706,8.2306,8.2562,4965.51
2019-06-05 07:48,1559692080,8.2564,8.2564,8.2424,8.2477,1068.01
2019-06-05 07:49,1559692140,8.2425,8.2582,8.2425,8.2549,1387.69
2019-06-05 07:50,1559692200,8.256,8.256,8.2341,8.2341,1049.13
2019-06-05 07:51,1559692260,8.2364,8.2422,8.2364,8.2419,114.52
2019-06-05 07:52,1559692320,8.241,8.2477,8.2278,8.2303,1410.67
2019-06-05 07:53,1559692380,8.2226,8.2249,8.2085,8.2092,1442.95
2019-06-05 07:54,1559692440,8.2092,8.2223,8.1824,8.1824,874.98
2019-06-05 07:55,1559692500,8.1834,8.2149,8.1834,8.2149,2269.63
2019-06-05 07:56,1559692560,8.2172,8.2464,8.2036,8.2366,743.77
2019-06-05 07:57,1559692620,8.24,8.2831,8.2347,8.2484,2731.21
2019-06-05 07:58,1559692680,8.2479,8.2504,8.2383,8.2482,1514.33
2019-06-05 07:59,1559692740,8.2485,8.2603,8.2411,8.2603,2215.64
2019-06-05 08:00,1559692800,8.269,8.2922,8.2606,8.2922,1318.29
2019-06-05 08:01,1559692860,8.2983,8.3477,8.2824,8.3379,1609.92
2019-06-05 08:02,1559692920,8.3382,8.34,8.317,8.3325,1664.7
2019-06-05 08:03,1559692980,8.3213,8.3385,8.3019,8.3107,3306.0
2019-06-05 08:04,1559693040,8.3103,8.3277,8.3012,8.3077,1547.41
2019-06-05 08:05,1559693100,8.3074,8.3116,8.2791,8.3003,1785.07
2019-06-05 08:06,1559693160,8.3032,8.3491,8.3032,8.3491,1039.82
2019-06-05 08:07,1559693220,8.3528,8.3726,8.344,8.344,1479.37
2019-06-05 08:08,1559693280,8.3385,8.3891,8.3377,8.3662,2410.97
2019-06-05 08:09,1559693340,8.3592,8.3719,8.339,8.355,2302.28
2019-06-05 08:10,1559693400,8.3671,8.3699,8.3519,8.3522,1338.41
2019-06-05 08:11,1559693460,8.3536,8.3694,8.3392,8.3466,1364.02
2019-06-05 08:12,1559693520,8.3536,8.3612,8.3401,8.3462,990.8
2019-06-05 08:13,1559693580,8.3462,8.3462,8.3379,8.34,495.47
2019-06-05 08:14,1559693640,8.3379,8.3379,8.3065,8.3095,1846.13
2019-06-05 08:15,1559693700,8.3064,8.338,8.3001,8.3378,1869.33
2019-06-05 08:16,1559693760,8.3379,8.3757,8.3379,8.3718,1662.39
2019-06-05 08:17,1559693820,8.3788,8.3827,8.3664,8.374,2203.53
2019-06-05 08:18,1559693880,8.3762,8.3899,8.3762,8.3899,310.72
2019-06-05 08:19,1559693940,8.3811,8.39,8.3681,8.3749,2251.32
2019-06-05 08:20,1559694000,8.3806,8.3809,8.3727,8.3774,158.26
2019-06-05 08:21,1559694060,8.3774,8.3799,8.3728,8.3732,1240.91
2019-06-05 08:22,1559694120,8.3747,8.3807,8.3728,8.3729,885.3
2019-06-05 08:23,1559694180,8.3792,8.3801,8.3584,8.3638,1001.3
2019-06-05 08:24,1559694240,8.3654,8.3662,8.3455,8.3466,1607.67
2019-06-05 08:25,1559694300,8.3464,8.3465,8.3287,8.3324,1808.06
2019-06-05 08:26,1559694360,8.3269,8.3488,8.3233,8.3404,1318.19
2019-06-05 08:27,1559694420,8.3417,8.3417,8.321,8.3257,1113.57
2019-06-05 08:28,1559694480,8.3292,8.3451,8.3292,8.3408,848.4
2019-06-05 08:29,1559694540,8.3374,8.3396,8.33,8.3396,1171.41
2019-06-05 08:30,1559694600,8.3368,8.3431,8.3356,8.3356,792.0
2019-06-05 08:31,1559694660,8.3366,8.3434,8.3315,8.3315,847.35
2019-06-05 08:32,1559694720,8.3307,8.3312,8.3064,8.3162,1371.06
2019-06-05 08:33,1559694780,8.3258,8.3258,8.3064,8.3095,486.86
2019-06-05 08:34,1559694840,8.3007,8.309,8.2855,8.2855,1859.48
2019-06-05 08:35,1559694900,8.2871,8.2871,8.2757,8.281,574.22
2019-06-05 08:36,1559694960,8.2831,8.2919,8.2698,8.2831,1077.43
2019-06-05 08:37,1559695020,8.2814,8.2851,8.2715,8.2824,758.55
2019-06-05 08:38,1559695080,8.2747,8.2784,8.2567,8.2578,1081.19
2019-06-05 08:39,1559695140,8.258,8.2675,8.2516,8.258,1152.68
2019-06-05 08:40,1559695200,8.2581,8.2581,8.2362,8.244,1100.41
2019-06-05 08:41,1559695260,8.2479,8.2687,8.2431,8.2677,788.76
2019-06-05 08:42,1559695320,8.263,8.2818,8.2578,8.2683,1638.09
2019-06-05 08:43,1559695380,8.2768,8.2769,8.262,8.2668,596.07
2019-06-05 08:44,1559695440,8.2668,8.2771,8.2629,8.2629,616.53
2019-06-05 08:45,1559695500,8.266,8.2684,8.2658,8.2684,163.16
2019-06-05 08:46,1559695560,8.2678,8.2763,8.2671,8.276,276.97
2019-06-05 08:47,1559695620,8.2767,8.2816,8.2727,8.2727,226.09
2019-06-05 08:48,1559695680,8.2799,8.2804,8.2799,8.2804,116.49
2019-06-05 08:49,1559695740,8.2805,8.294,8.2734,8.2734,729.06
2019-06-05 08:50,1559695800,8.2745,8.2745,8.263,8.2679,1222.82
2019-06-05 08:51,1559695860,8.2617,8.2666,8.2444,8.2463,1164.6
2019-06-05 08:52,1559695920,8.2493,8.2493,8.2326,8.2425,664.68
2019-06-05 08:53,1559695980,8.2415,8.2415,8.2315,8.2376,290.87
2019-06-05 08:54,1559696040,8.2395,8.2395,8.2315,8.2334,744.35
2019-06-05 08:55,1559696100,8.2273,8.2363,8.2119,8.2218,1423.07
2019-06-05 08:56,1559696160,8.2118,8.2192,8.2017,8.2087,1396.34
2019-06-05 08:57,1559696220,8.2068,8.215,8.2009,8.2045,2685.22
2019-06-05 08:58,1559696280,8.1982,8.2101,8.198,8.2052,324.59
2019-06-05 08:59,1559696340,8.2072,8.2072,8.1771,8.1771,1738.61
2019-06-05 09:00,1559696400,8.178,8.1848,8.1701,8.1789,682.61
2019-06-05 09:01,1559696460,8.1766,8.1929,8.1757,8.1794,742.15
2019-06-05 09:02,1559696520,8.198,8.2087,8.198,8.2087,514.1
2019-06-05 09:03,1559696580,8.2015,8.2062,8.1936,8.1936,459.53
2019-06-05 09:04,1559696640,8.2014,8.2014,8.1865,8.1971,173.51
2019-06-05 09:05,1559696700,8.1971,8.1971,8.1718,8.1916,1355.18
2019-06-05 09:06,1559696760,8.185,8.185,8.1762,8.1843,69.38
2019-06-05 09:07,1559696820,8.1793,8.1887,8.1766,8.1772,172.81
2019-06-05 09:08,1559696880,8.1852,8.1852,8.1852,8.1852,45.0
2019-06-05 09:09,1559696940,8.1859,8.1859,8.1802,8.1802,156.06
2019-06-05 09:10,1559697000,8.1823,8.2182,8.1823,8.2182,4686.67
2019-06-05 09:11,1559697060,8.2198,8.2433,8.2198,8.241,837.25
2019-06-05 09:12,1559697120,8.2436,8.246,8.2326,8.246,2440.2
2019-06-05 09:13,1559697180,8.2414,8.2748,8.2414,8.2748,933.1
2019-06-05 09:14,1559697240,8.2758,8.302,8.2758,8.302,1342.62
2019-06-05 09:15,1559697300,8.2986,8.3152,8.2758,8.2822,1024.91
2019-06-05 09:16,1559697360,8.2947,8.3061,8.2822,8.289,3509.07
2019-06-05 09:17,1559697420,8.2869,8.2982,8.2869,8.2878,443.26
2019-06-05 09:18,1559697480,8.2959,8.2978,8.2869,8.2978,397.66
2019-06-05 09:19,1559697540,8.3069,8.3201,8.3069,8.3201,429.04
2019-06-05 09:20,1559697600,8.3131,8.3131,8.2774,8.2774,2928.78
2019-06-05 09:21,1559697660,8.2862,8.2862,8.2729,8.28,1448.92
2019-06-05 09:22,1559697720,8.2812,8.282,8.2735,8.2776,720.5
2019-06-05 09:23,1559697780,8.276,8.276,8.275,8.275,128.05
2019-06-05 09:24,1559697840,8.2775,8.2776,8.2676,8.2691,1394.46
2019-06-05 09:25,1559697900,8.2725,8.2765,8.2725,8.2726,178.82
2019-06-05 09:26,1559697960,8.2753,8.2834,8.2753,8.2784,406.2
2019-06-05 09:27,1559698020,8.2782,8.2985,8.2782,8.2985,776.25
2019-06-05 09:28,1559698080,8.3,8.3,8.289,8.2956,1010.25
2019-06-05 09:29,1559698140,8.298,8.298,8.2765,8.2765,379.25
2019-06-05 09:30,1559698200,8.2775,8.2775,8.262,8.2703,530.71
2019-06-05 09:31,1559698260,8.2784,8.2784,8.2618,8.2646,356.27
2019-06-05 09:32,1559698320,8.2676,8.2676,8.227,8.2341,946.41
2019-06-05 09:33,1559698380,8.2333,8.2388,8.2215,8.2277,545.33
2019-06-05 09:34,1559698440,8.2222,8.2331,8.2222,8.2304,377.98
2019-06-05 09:35,1559698500,8.2293,8.2318,8.2147,8.2147,365.98
2019-06-05 09:36,1559698560,8.2138,8.2282,8.2118,8.2282,1059.36
2019-06-05 09:37,1559698620,8.2325,8.2325,8.2,8.2034,276.19
2019-06-05 09:38,1559698680,8.2,8.2099,8.1859,8.2034,4238.2
2019-06-05 09:39,1559698740,8.2035,8.2035,8.1618,8.1747,1627.93
2019-06-05 09:40,1559698800,8.1845,8.1866,8.167,8.167,1934.37
2019-06-05 09:41,1559698860,8.1796,8.2028,8.1796,8.1966,445.89
2019-06-05 09:42,1559698920,8.1967,8.1967,8.1791,8.1848,243.49
2019-06-05 09:43,1559698980,8.1995,8.2012,8.1826,8.1826,385.57
2019-06-05 09:44,1559699040,8.1804,8.1873,8.1804,8.185,255.77
2019-06-05 09:45,1559699100,8.1848,8.1864,8.1738,8.1801,342.83
2019-06-05 09:46,1559699160,8.1854,8.1896,8.17,8.1712,878.69
2019-06-05 09:47,1559699220,8.1701,8.1852,8.167,8.17,2364.68
2019-06-05 09:48,1559699280,8.1707,8.1707,8.1488,8.1628,1152.88
2019-06-05 09:49,1559699340,8.1608,8.1608,8.1344,8.1372,506.58
2019-06-05 09:50,1559699400,8.1372,8.1427,8.1327,8.1376,319.27
2019-06-05 09:51,1559699460,8.1353,8.1502,8.1353,8.1402,122.03
2019-06-05 09:52,1559699520,8.1548,8.1743,8.1463,8.1639,615.84
2019-06-05 09:53,1559699580,8.1659,8.1659,8.1483,8.1615,1015.59
2019-06-05 09:54,1559699640,8.1595,8.1595,8.1387,8.1464,743.73
2019-06-05 09:55,1559699700,8.1402,8.1402,8.1308,8.1366,603.71
2019-06-05 09:56,1559699760,8.1385,8.1491,8.1385,8.1491,382.15
2019-06-05 09:57,1559699820,8.1482,8.1482,8.1221,8.126,473.24
2019-06-05 09:58,1559699880,8.1287,8.1376,8.1228,8.1376,589.45
2019-06-05 09:59,1559699940,8.1367,8.1569,8.1367,8.1386,779.66
2019-06-05 10:00,1559700000,8.1403,8.1518,8.1343,8.1518,881.14
2019-06-05 10:01,1559700060,8.1432,8.1521,8.1432,8.1521,114.61
2019-06-05 10:02,1559700120,8.1605,8.1605,8.1605,8.1605,17.87
2019-06-05 10:03,1559700180,8.1798,8.2008,8.1749,8.2008,1977.91
2019-06-05 10:04,1559700240,8.2026,8.2255,8.1938,8.2071,5076.89
2019-06-05 10:05,1559700300,8.2082,8.2167,8.2034,8.2167,420.95
2019-06-05 10:06,1559700360,8.2108,8.2121,8.1925,8.2004,1056.93
2019-06-05 10:07,1559700420,8.2034,8.2034,8.196,8.196,147.32
2019-06-05 10:08,1559700480,8.1972,8.1989,8.1972,8.1989,68.25
2019-06-05 10:09,1559700540,8.2038,8.2038,8.198,8.198,178.91
2019-06-05 10:10,1559700600,8.1983,8.2084,8.1983,8.201,197.17
2019-06-05 10:11,1559700660,8.2025,8.2025,8.1967,8.2,141.35
2019-06-05 10:12,1559700720,8.1951,8.2106,8.1948,8.203,398.5
2019-06-05 10:13,1559700780,8.1957,8.1957,8.1957,8.1957,48.73
2019-06-05 10:14,1559700840,8.1971,8.1971,8.1897,8.1897,57.36
2019-06-05 10:15,1559700900,8.1905,8.1933,8.1763,8.1814,740.85
2019-06-05 10:16,1559700960,8.1814,8.1877,8.1777,8.1869,279.35
2019-06-05 10:17,1559701020,8.1786,8.182,8.1778,8.182,185.59
2019-06-05 10:18,1559701080,8.1788,8.1788,8.1597,8.1649,620.83
2019-06-05 10:19,1559701140,8.1649,8.1649,8.1546,8.1546,337.4
2019-06-05 10:20,1559701200,8.1532,8.1545,8.1532,8.1545,625.73
2019-06-05 10:21,1559701260,8.1515,8.1551,8.1441,8.1441,647.37
2019-06-05 10:22,1559701320,8.1479,8.1649,8.1479,8.1649,195.06
2019-06-05 10:23,1559701380,8.1611,8.1611,8.153,8.1552,387.14
2019-06-05 10:24,1559701440,8.1686,8.178,8.1686,8.178,437.09
2019-06-05 10:25,1559701500,8.1739,8.2273,8.1739,8.2273,1261.17
2019-06-05 10:26,1559701560,8.2141,8.2141,8.1973,8.2089,757.3
2019-06-05 10:27,1559701620,8.2161,8.2545,8.2161,8.2328,2307.42
2019-06-05 10:28,1559701680,8.2229,8.2547,8.2186,8.2479,940.97
2019-06-05 10:29,1559701740,8.2494,8.2553,8.2371,8.2493,1259.96
2019-06-05 10:30,1559701800,8.2541,8.2558,8.2355,8.2557,1014.67
2019-06-05 10:31,1559701860,8.249,8.2633,8.249,8.2633,300.12
2019-06-05 10:32,1559701920,8.2633,8.2779,8.262,8.2673,281.68
2019-06-05 10:33,1559701980,8.2679,8.3062,8.2679,8.2817,2643.89
2019-06-05 10:34,1559702040,8.2928,8.3015,8.2826,8.2913,1030.74
2019-06-05 10:35,1559702100,8.2941,8.2967,8.2617,8.2675,1486.69
2019-06-05 10:36,1559702160,8.2674,8.2916,8.2674,8.2762,794.19
2019-06-05 10:37,1559702220,8.2814,8.2956,8.2637,8.2726,6554.82
2019-06-05 10:38,1559702280,8.2845,8.3109,8.2776,8.2871,2842.25
2019-06-05 10:39,1559702340,8.2952,8.3078,8.2931,8.3064,1013.52
2019-06-05 10:40,1559702400,8.3045,8.3052,8.2887,8.2887,726.71
2019-06-05 10:41,1559702460,8.2916,8.3149,8.2916,8.3032,1083.29
2019-06-05 10:42,1559702520,8.2926,8.315,8.289,8.313,643.24
2019-06-05 10:43,1559702580,8.2985,8.3078,8.2985,8.3078,158.48
2019-06-05 10:44,1559702640,8.307,8.307,8.2997,8.2997,77.25
2019-06-05 10:45,1559702700,8.3019,8.3019,8.2916,8.2916,53.54
2019-06-05 10:46,1559702760,8.2888,8.2888,8.2748,8.2748,301.66
2019-06-05 10:47,1559702820,8.2558,8.2654,8.2533,8.256,749.52
2019-06-05 10:48,1559702880,8.2507,8.2782,8.2507,8.2691,233.25
2019-06-05 10:49,1559702940,8.2648,8.2648,8.2536,8.2536,331.75
2019-06-05 10:50,1559703000,8.2543,8.262,8.2537,8.2539,302.39
2019-06-05 10:51,1559703060,8.2577,8.2614,8.2558,8.2614,159.38
2019-06-05 10:52,1559703120,8.2749,8.2749,8.2749,8.2749,6.0
2019-06-05 10:53,1559703180,8.2779,8.2814,8.2735,8.2735,386.84
2019-06-05 10:54,1559703240,8.2632,8.2686,8.2578,8.2686,317.73
2019-06-05 10:55,1559703300,8.2686,8.2775,8.2686,8.2775,212.78
2019-06-05 10:56,1559703360,8.2796,8.2796,8.268,8.2731,211.19
2019-06-05 10:57,1559703420,8.2731,8.2731,8.2551,8.2551,317.71
2019-06-05 10:58,1559703480,8.2542,8.2571,8.2503,8.2568,221.38
2019-06-05 10:59,1559703540,8.2655,8.2655,8.252,8.252,238.45
2019-06-05 11:00,1559703600,8.2522,8.259,8.2472,8.259,545.79
2019-06-05 11:01,1559703660,8.258,8.2624,8.2475,8.2475,486.15
2019-06-05 11:02,1559703720,8.2475,8.2522,8.2302,8.2392,1423.09
2019-06-05 11:03,1559703780,8.2392,8.2392,8.2265,8.2265,149.54
2019-06-05 11:04,1559703840,8.2307,8.2353,8.2285,8.2353,249.12
2019-06-05 11:05,1559703900,8.2229,8.2229,8.2053,8.2054,925.4
2019-06-05 11:06,1559703960,8.2118,8.2118,8.1812,8.1848,767.57
2019-06-05 11:07,1559704020,8.1954,8.2052,8.1831,8.1883,1135.45
2019-06-05 11:08,1559704080,8.1936,8.1953,8.1896,8.1927,237.35
2019-06-05 11:09,1559704140,8.1885,8.1957,8.1885,8.1957,412.9
2019-06-05 11:10,1559704200,8.1934,8.2056,8.1917,8.2019,345.28
2019-06-05 11:11,1559704260,8.2082,8.2082,8.2018,8.2018,78.79
2019-06-05 11:12,1559704320,8.2082,8.218,8.199,8.203,1190.39
2019-06-05 11:13,1559704380,8.203,8.2067,8.1856,8.1856,1163.61
2019-06-05 11:14,1559704440,8.1893,8.1964,8.1893,8.1964,50.27
2019-06-05 11:15,1559704500,8.1988,8.1988,8.1944,8.196,161.05
2019-06-05 11:16,1559704560,8.1928,8.1975,8.1928,8.1964,67.28
2019-06-05 11:17,1559704620,8.1919,8.2061,8.1919,8.1944,251.08
2019-06-05 11:18,1559704680,8.1978,8.1978,8.185,8.187,444.29
2019-06-05 11:19,1559704740,8.185,8.185,8.1621,8.1697,311.52
2019-06-05 11:20,1559704800,8.1702,8.1724,8.159,8.171,896.72
2019-06-05 11:21,1559704860,8.1659,8.1724,8.1632,8.1632,397.34
2019-06-05 11:22,1559704920,8.1624,8.1722,8.1587,8.1655,439.89
2019-06-05 11:23,1559704980,8.1654,8.1764,8.1654,8.1764,611.31
2019-06-05 11:24,1559705040,8.1804,8.1912,8.1804,8.184,303.43
2019-06-05 11:25,1559705100,8.1901,8.1971,8.1896,8.1971,243.12
2019-06-05 11:26,1559705160,8.186,8.1923,8.1856,8.1923,154.94
2019-06-05 11:27,1559705220,8.1923,8.1924,8.18,8.18,164.43
2019-06-05 11:28,1559705280,8.1785,8.1843,8.1785,8.1843,317.06
2019-06-05 11:29,1559705340,8.1805,8.1834,8.1668,8.1742,323.03
2019-06-05 11:30,1559705400,8.1829,8.1829,8.1743,8.1789,112.93
2019-06-05 11:31,1559705460,8.182,8.182,8.1742,8.1805,957.85
2019-06-05 11:32,1559705520,8.1805,8.1915,8.1789,8.1869,321.25
2019-06-05 11:33,1559705580,8.1905,8.1905,8.1797,8.1868,181.34
2019-06-05 11:34,1559705640,8.1868,8.1922,8.1838,8.1922,316.92
2019-06-05 11:35,1559705700,8.1806,8.1858,8.1801,8.1858,67.29
2019-06-05 11:36,1559705760,8.1892,8.1997,8.1835,8.198,1099.84
2019-06-05 11:37,1559705820,8.1876,8.1896,8.1876,8.1896,135.85
2019-06-05 11:38,1559705880,8.1918,8.2075,8.1918,8.2075,141.84
2019-06-05 11:39,1559705940,8.2074,8.2077,8.1949,8.1994,922.37
2019-06-05 11:40,1559706000,8.2062,8.2062,8.18,8.1907,620.49
2019-06-05 11:41,1559706060,8.189,8.189,8.1826,8.1885,226.65
2019-06-05 11:42,1559706120,8.1858,8.2024,8.1819,8.2022,787.14
2019-06-05 11:43,1559706180,8.2019,8.2019,8.1925,8.1925,222.0
2019-06-05 11:44,1559706240,8.1935,8.2009,8.1935,8.2009,127.81
2019-06-05 11:45,1559706300,8.2078,8.208,8.1938,8.1938,291.72
2019-06-05 11:46,1559706360,8.1953,8.2068,8.1919,8.1934,1007.79
2019-06-05 11:47,1559706420,8.2011,8.2066,8.201,8.2015,226.42
2019-06-05 11:48,1559706480,8.198,8.198,8.1946,8.196,304.98
2019-06-05 11:49,1559706540,8.1961,8.1961,8.1954,8.1954,90.16
2019-06-05 11:50,1559706600,8.1968,8.2006,8.1915,8.2006,216.05
2019-06-05 11:51,1559706660,8.1988,8.1988,8.1761,8.1765,855.74
2019-06-05 11:52,1559706720,8.1761,8.1827,8.1722,8.1827,1280.15
2019-06-05 11:53,1559706780,8.1795,8.1795,8.1735,8.1735,71.88
2019-06-05 11:54,1559706840,8.1679,8.1679,8.165,8.1678,566.53
2019-06-05 11:55,1559706900,8.1741,8.1741,8.165,8.165,79.88
2019-06-05 11:56,1559706960,8.1668,8.1668,8.1551,8.1637,294.12
2019-06-05 11:57,1559707020,8.16,8.1636,8.16,8.1627,265.56
2019-06-05 11:58,1559707080,8.1637,8.1705,8.1637,8.1696,273.62
2019-06-05 11:59,1559707140,8.1698,8.1738,8.1667,8.1667,378.32
2019-06-05 12:00,1559707200,8.1562,8.1664,8.1562,8.1664,102.19
2019-06-05 12:01,1559707260,8.1704,8.1717,8.1704,8.1717,29.11
2019-06-05 12:02,1559707320,8.1681,8.1688,8.1581,8.1585,95.3
2019-06-05 12:03,1559707380,8.1582,8.1649,8.1567,8.1569,277.66
2019-06-05 12:04,1559707440,8.1638,8.1653,8.1638,8.1652,158.61
2019-06-05 12:05,1559707500,8.1694,8.1712,8.1636,8.1679,253.55
2019-06-05 12:06,1559707560,8.1676,8.1741,8.1676,8.1711,790.07
2019-06-05 12:07,1559707620,8.171,8.1711,8.1516,8.1574,643.44
2019-06-05 12:08,1559707680,8.1542,8.1544,8.142,8.142,420.73
2019-06-05 12:09,1559707740,8.138,8.138,8.1283,8.1283,1167.95
2019-06-05 12:10,1559707800,8.1289,8.1289,8.12,8.1208,541.04
2019-06-05 12:11,1559707860,8.1208,8.1236,8.1,8.1046,2277.14
2019-06-05 12:12,1559707920,8.1094,8.1291,8.1094,8.1291,1038.9
2019-06-05 12:13,1559707980,8.1348,8.152,8.1338,8.1378,947.0
2019-06-05 12:14,1559708040,8.1381,8.1396,8.1314,8.1358,293.62
2019-06-05 12:15,1559708100,8.1388,8.145,8.138,8.145,323.33
2019-06-05 12:16,1559708160,8.1505,8.1574,8.1497,8.1531,217.28
2019-06-05 12:17,1559708220,8.1551,8.1574,8.1526,8.1572,250.27
2019-06-05 12:18,1559708280,8.1513,8.1513,8.1332,8.1346,304.83
2019-06-05 12:19,1559708340,8.1377,8.1377,8.1303,8.136,305.49
2019-06-05 12:20,1559708400,8.1404,8.1489,8.1403,8.1422,1102.79
2019-06-05 12:21,1559708460,8.1446,8.1498,8.1227,8.1227,225.6
2019-06-05 12:22,1559708520,8.123,8.1274,8.1173,8.1232,455.26
2019-06-05 12:23,1559708580,8.123,8.1284,8.1171,8.1171,5512.56
2019-06-05 12:24,1559708640,8.1217,8.127,8.1178,8.127,330.29
2019-06-05 12:25,1559708700,8.132,8.14,8.132,8.14,64.75
2019-06-05 12:26,1559708760,8.1406,8.1406,8.1282,8.1282,264.71
2019-06-05 12:27,1559708820,8.125,8.1284,8.1157,8.1158,772.75
2019-06-05 12:28,1559708880,8.1212,8.1221,8.1187,8.1187,172.87
2019-06-05 12:29,1559708940,8.1126,8.1126,8.089,8.0893,370.82
2019-06-05 12:30,1559709000,8.0957,8.0957,8.0547,8.0924,2603.74
2019-06-05 12:31,1559709060,8.0991,8.0991,8.0817,8.0872,637.17
2019-06-05 12:32,1559709120,8.0925,8.1028,8.092,8.092,985.98
2019-06-05 12:33,1559709180,8.0966,8.1025,8.0966,8.1025,114.11
2019-06-05 12:34,1559709240,8.101,8.1063,8.0948,8.1054,164.34
2019-06-05 12:35,1559709300,8.1028,8.1046,8.0938,8.0938,197.06
2019-06-05 12:36,1559709360,8.0877,8.0891,8.0876,8.0891,79.32
2019-06-05 12:37,1559709420,8.0917,8.0917,8.0754,8.0754,702.08
2019-06-05 12:38,1559709480,8.083,8.089,8.0808,8.0851,183.01
2019-06-05 12:39,1559709540,8.0824,8.0829,8.0781,8.0826,130.92
2019-06-05 12:40,1559709600,8.0778,8.0787,8.067,8.0768,628.7
2019-06-05 12:41,1559709660,8.077,8.077,8.0667,8.0721,2048.83
2019-06-05 12:42,1559709720,8.072,8.0749,8.0636,8.0733,515.97
2019-06-05 12:43,1559709780,8.0713,8.0897,8.0711,8.0852,768.3
2019-06-05 12:44,1559709840,8.0852,8.1089,8.0852,8.0905,1230.27
2019-06-05 12:45,1559709900,8.0864,8.1074,8.0864,8.0924,771.3
2019-06-05 12:46,1559709960,8.0859,8.0914,8.0859,8.0914,133.67
2019-06-05 12:47,1559710020,8.0918,8.0981,8.0913,8.0921,104.83
2019-06-05 12:48,1559710080,8.0887,8.0981,8.0887,8.0981,284.67
2019-06-05 12:49,1559710140,8.1019,8.1323,8.1019,8.1242,1542.75
2019-06-05 12:50,1559710200,8.1299,8.1411,8.1253,8.1411,799.09
2019-06-05 12:51,1559710260,8.143,8.1499,8.1311,8.132,483.66
2019-06-05 12:52,1559710320,8.1229,8.1266,8.0981,8.106,1553.26
2019-06-05 12:53,1559710380,8.1054,8.1119,8.1054,8.1098,572.62
2019-06-05 12:54,1559710440,8.107,8.111,8.107,8.1076,50.93
2019-06-05 12:55,1559710500,8.1146,8.1174,8.0938,8.0986,851.86
2019-06-05 12:56,1559710560,8.1067,8.1165,8.1067,8.1156,294.72
2019-06-05 12:57,1559710620,8.1182,8.1349,8.1171,8.1349,142.7
2019-06-05 12:58,1559710680,8.1244,8.1267,8.1244,8.1265,186.55
2019-06-05 12:59,1559710740,8.1292,8.1546,8.1274,8.1546,1318.72
2019-06-05 13:00,1559710800,8.1551,8.1585,8.1428,8.1428,446.11
2019-06-05 13:01,1559710860,8.1547,8.1551,8.1449,8.1449,237.32
2019-06-05 13:02,1559710920,8.1449,8.1483,8.1431,8.1482,478.31
2019-06-05 13:03,1559710980,8.1422,8.1422,8.1395,8.1395,70.16
2019-06-05 13:04,1559711040,8.1402,8.1406,8.1365,8.1368,183.89
2019-06-05 13:05,1559711100,8.1393,8.1429,8.1334,8.1334,366.76
2019-06-05 13:06,1559711160,8.1336,8.1355,8.1334,8.1334,259.12
2019-06-05 13:07,1559711220,8.132,8.1338,8.132,8.1338,33.0
2019-06-05 13:08,1559711280,8.142,8.1506,8.1381,8.1381,23.45
2019-06-05 13:09,1559711340,8.1424,8.1424,8.1373,8.14,189.8
2019-06-05 13:10,1559711400,8.1332,8.1332,8.1211,8.1211,55.39
2019-06-05 13:11,1559711460,8.1214,8.1275,8.1214,8.1219,190.84
2019-06-05 13:12,1559711520,8.1359,8.1359,8.1098,8.1098,707.35
2019-06-05 13:13,1559711580,8.1099,8.1117,8.1085,8.1117,167.98
2019-06-05 13:14,1559711640,8.1114,8.1114,8.1096,8.1096,90.24
2019-06-05 13:15,1559711700,8.1071,8.1124,8.1026,8.1111,187.21
2019-06-05 13:16,1559711760,8.1111,8.1111,8.1111,8.1111,50.35
2019-06-05 13:17,1559711820,8.1172,8.1189,8.1172,8.1188,64.34
2019-06-05 13:18,1559711880,8.1172,8.1172,8.1125,8.1125,87.76
2019-06-05 13:19,1559711940,8.1166,8.1328,8.1166,8.1328,488.44
2019-06-05 13:20,1559712000,8.1358,8.1486,8.1358,8.1486,448.25
2019-06-05 13:21,1559712060,8.1486,8.1579,8.1439,8.1579,164.09
2019-06-05 13:22,1559712120,8.1639,8.1869,8.1628,8.1869,609.02
2019-06-05 13:23,1559712180,8.178,8.178,8.1487,8.1543,1343.23
2019-06-05 13:24,1559712240,8.1504,8.1556,8.1415,8.1415,843.06
2019-06-05 13:25,1559712300,8.1415,8.1574,8.1415,8.1574,232.39
2019-06-05 13:26,1559712360,8.1539,8.1539,8.1429,8.1483,76.34
2019-06-05 13:27,1559712420,8.1499,8.1505,8.1309,8.1309,264.1
2019-06-05 13:28,1559712480,8.1479,8.1534,8.1372,8.1372,465.68
2019-06-05 13:29,1559712540,8.1314,8.1556,8.13,8.1556,422.74
2019-06-05 13:30,1559712600,8.1453,8.1508,8.1409,8.1506,291.9
2019-06-05 13:31,1559712660,8.1597,8.1598,8.1541,8.1541,88.49
2019-06-05 13:32,1559712720,8.1546,8.2044,8.1543,8.2036,829.61
2019-06-05 13:33,1559712780,8.2033,8.204,8.1792,8.1794,883.48
2019-06-05 13:34,1559712840,8.1797,8.1915,8.1797,8.1913,290.03
2019-06-05 13:35,1559712900,8.1816,8.1832,8.1767,8.1832,350.86
2019-06-05 13:36,1559712960,8.1887,8.1947,8.17,8.17,706.13
2019-06-05 13:37,1559713020,8.1806,8.1806,8.1555,8.1607,1826.55
2019-06-05 13:38,1559713080,8.1607,8.1631,8.1487,8.1522,1126.93
2019-06-05 13:39,1559713140,8.1486,8.1486,8.1173,8.1313,5050.55
2019-06-05 13:40,1559713200,8.1401,8.1551,8.1336,8.1336,219.68
2019-06-05 13:41,1559713260,8.1357,8.1364,8.122,8.122,746.84
2019-06-05 13:42,1559713320,8.1315,8.1315,8.1101,8.1103,860.88
2019-06-05 13:43,1559713380,8.1227,8.1227,8.1056,8.1056,291.37
2019-06-05 13:44,1559713440,8.1094,8.1123,8.1094,8.1123,46.66
2019-06-05 13:45,1559713500,8.1075,8.114,8.1,8.114,605.07
2019-06-05 13:46,1559713560,8.1148,8.1301,8.11,8.1222,646.99
2019-06-05 13:47,1559713620,8.1139,8.1183,8.1086,8.1086,231.15
2019-06-05 13:48,1559713680,8.1058,8.11,8.0998,8.104,229.3
2019-06-05 13:49,1559713740,8.1,8.1,8.0799,8.0799,1912.25
2019-06-05 13:50,1559713800,8.0796,8.1002,8.0714,8.0827,1866.89
2019-06-05 13:51,1559713860,8.0832,8.0983,8.0775,8.0775,1093.79
2019-06-05 13:52,1559713920,8.0771,8.089,8.0771,8.089,266.76
2019-06-05 13:53,1559713980,8.095,8.095,8.0782,8.0782,535.28
2019-06-05 13:54,1559714040,8.0888,8.0895,8.0782,8.0819,270.54
2019-06-05 13:55,1559714100,8.0741,8.0786,8.0522,8.0522,1239.87
2019-06-05 13:56,1559714160,8.059,8.0613,8.042,8.05,771.56
2019-06-05 13:57,1559714220,8.0468,8.0602,8.0468,8.0602,725.57
2019-06-05 13:58,1559714280,8.0642,8.0886,8.0618,8.0618,1515.12
2019-06-05 13:59,1559714340,8.0555,8.0555,8.0464,8.0464,504.33
2019-06-05 14:00,1559714400,8.0411,8.069,8.0411,8.069,2145.41
2019-06-05 14:01,1559714460,8.0589,8.0697,8.0589,8.0647,796.99
2019-06-05 14:02,1559714520,8.0647,8.08,8.0588,8.08,1218.63
2019-06-05 14:03,1559714580,8.0748,8.0856,8.0748,8.0799,181.84
2019-06-05 14:04,1559714640,8.0771,8.086,8.0749,8.0832,509.42
2019-06-05 14:05,1559714700,8.0832,8.0905,8.0753,8.0854,2467.87
2019-06-05 14:06,1559714760,8.0826,8.083,8.0749,8.0749,478.89
2019-06-05 14:07,1559714820,8.0777,8.0919,8.0777,8.0819,497.48
2019-06-05 14:08,1559714880,8.0922,8.0922,8.0764,8.078,618.96
2019-06-05 14:09,1559714940,8.0849,8.0856,8.0849,8.0849,139.1
2019-06-05 14:10,1559715000,8.0871,8.0895,8.0796,8.0816,1297.15
2019-06-05 14:11,1559715060,8.0796,8.0807,8.0588,8.0588,656.31
2019-06-05 14:12,1559715120,8.0583,8.061,8.0541,8.061,319.21
2019-06-05 14:13,1559715180,8.0595,8.0644,8.0559,8.0594,1134.88
2019-06-05 14:14,1559715240,8.057,8.0655,8.057,8.0655,94.77
2019-06-05 14:15,1559715300,8.06,8.0613,8.06,8.06,98.29
2019-06-05 14:16,1559715360,8.062,8.062,8.0543,8.0556,340.13
2019-06-05 14:17,1559715420,8.054,8.056,8.0473,8.0488,401.34
2019-06-05 14:18,1559715480,8.0433,8.0433,7.995,8.0042,6575.8
2019-06-05 14:19,1559715540,8.0014,8.0112,7.9812,8.0109,810.64
2019-06-05 14:20,1559715600,8.0109,8.0654,8.0104,8.0611,1902.25
2019-06-05 14:21,1559715660,8.0526,8.054,8.0381,8.0414,554.11
2019-06-05 14:22,1559715720,8.0329,8.0329,8.0221,8.0228,493.61
2019-06-05 14:23,1559715780,8.0231,8.0231,7.9968,8.0022,688.91
2019-06-05 14:24,1559715840,8.007,8.007,7.9716,7.9814,817.87
2019-06-05 14:25,1559715900,7.9872,7.9872,7.9332,7.9347,2890.24
2019-06-05 14:26,1559715960,7.9334,7.9471,7.844,7.8547,8613.82
2019-06-05 14:27,1559716020,7.8445,7.8667,7.8089,7.8659,7466.84
2019-06-05 14:28,1559716080,7.8495,7.8963,7.8493,7.8648,4097.28
2019-06-05 14:29,1559716140,7.8764,7.8764,7.8504,7.8516,2140.42
2019-06-05 14:30,1559716200,7.86,7.8749,7.8359,7.85,2095.37
2019-06-05 14:31,1559716260,7.8539,7.888,7.8457,7.8817,1701.71
2019-06-05 14:32,1559716320,7.8817,7.9159,7.878,7.9108,1780.49
2019-06-05 14:33,1559716380,7.9056,7.9175,7.8755,7.9175,2373.64
2019-06-05 14:34,1559716440,7.9045,7.925,7.9045,7.9076,2473.0
2019-06-05 14:35,1559716500,7.9054,7.9146,7.9054,7.9146,598.68
2019-06-05 14:36,1559716560,7.915,7.9188,7.89,7.8956,900.21
2019-06-05 14:37,1559716620,7.8938,7.8938,7.8527,7.8612,1466.92
2019-06-05 14:38,1559716680,7.8726,7.8878,7.8711,7.8725,817.3
2019-06-05 14:39,1559716740,7.8786,7.8882,7.8786,7.8882,627.92
2019-06-05 14:40,1559716800,7.8899,7.8957,7.881,7.891,973.01
2019-06-05 14:41,1559716860,7.8882,7.8931,7.8513,7.8514,1152.72
2019-06-05 14:42,1559716920,7.8518,7.879,7.8431,7.8749,2630.35
2019-06-05 14:43,1559716980,7.8749,7.909,7.8724,7.909,1830.59
2019-06-05 14:44,1559717040,7.9189,7.9189,7.9062,7.9155,639.15
2019-06-05 14:45,1559717100,7.9158,7.9184,7.9133,7.9145,860.76
2019-06-05 14:46,1559717160,7.918,7.9242,7.9099,7.9153,896.7
2019-06-05 14:47,1559717220,7.9153,7.9153,7.9021,7.9084,1736.02
2019-06-05 14:48,1559717280,7.9055,7.9152,7.9038,7.9107,1150.29
2019-06-05 14:49,1559717340,7.9107,7.917,7.9021,7.9075,953.21
2019-06-05 14:50,1559717400,7.9035,7.913,7.8853,7.902,1427.86
2019-06-05 14:51,1559717460,7.9076,7.9198,7.9043,7.9137,1111.02
2019-06-05 14:52,1559717520,7.9102,7.9211,7.9089,7.9208,1140.13
2019-06-05 14:53,1559717580,7.9219,7.9299,7.9172,7.9223,1892.32
2019-06-05 14:54,1559717640,7.9289,7.9368,7.9289,7.934,235.6
2019-06-05 14:55,1559717700,7.9414,7.9855,7.9414,7.9855,3545.96
2019-06-05 14:56,1559717760,7.9855,7.9918,7.9456,7.9456,2467.46
2019-06-05 14:57,1559717820,7.9407,7.943,7.9279,7.94,1078.66
2019-06-05 14:58,1559717880,7.9458,7.9594,7.9408,7.9594,1236.62
2019-06-05 14:59,1559717940,7.9599,7.9627,7.94,7.94,1452.48
2019-06-05 15:00,1559718000,7.939,7.9547,7.939,7.948,1097.36
2019-06-05 15:01,1559718060,7.9497,7.9765,7.9497,7.9721,875.89
2019-06-05 15:02,1559718120,7.9668,7.9774,7.961,7.9655,1331.8
2019-06-05 15:03,1559718180,7.9725,7.999,7.9685,7.992,2262.95
2019-06-05 15:04,1559718240,7.992,8.0022,7.9772,7.9933,1566.61
2019-06-05 15:05,1559718300,7.9833,7.9877,7.98,7.98,747.93
2019-06-05 15:06,1559718360,7.98,7.9853,7.966,7.9853,982.98
2019-06-05 15:07,1559718420,7.972,7.9818,7.9696,7.9818,366.38
2019-06-05 15:08,1559718480,7.9777,7.9812,7.9718,7.9812,471.42
2019-06-05 15:09,1559718540,7.9735,7.9735,7.97,7.97,983.07
2019-06-05 15:10,1559718600,7.97,7.9715,7.9572,7.9572,491.12
2019-06-05 15:11,1559718660,7.9552,7.9671,7.9552,7.9602,972.63
2019-06-05 15:12,1559718720,7.9567,7.9689,7.9464,7.9464,1428.5
2019-06-05 15:13,1559718780,7.9499,7.969,7.9499,7.9655,1108.49
2019-06-05 15:14,1559718840,7.9615,7.9615,7.9615,7.9615,67.87
2019-06-05 15:15,1559718900,7.957,7.9693,7.9568,7.9693,411.13
2019-06-05 15:16,1559718960,7.9722,7.9861,7.9722,7.9783,268.19
2019-06-05 15:17,1559719020,7.9771,7.9772,7.9771,7.9771,324.98
2019-06-05 15:18,1559719080,7.9701,7.9752,7.9649,7.9752,187.04
2019-06-05 15:19,1559719140,7.9656,7.983,7.9656,7.983,342.6
2019-06-05 15:20,1559719200,7.9815,7.9815,7.9594,7.9801,1217.05
2019-06-05 15:21,1559719260,7.9838,7.9959,7.9782,7.9959,779.52
2019-06-05 15:22,1559719320,7.9959,8.0505,7.9959,8.0505,2125.05
2019-06-05 15:23,1559719380,8.047,8.0856,8.0393,8.0587,2927.25
2019-06-05 15:24,1559719440,8.0587,8.0975,8.0438,8.0511,3205.26
2019-06-05 15:25,1559719500,8.0554,8.1082,8.0547,8.0838,1994.96
2019-06-05 15:26,1559719560,8.084,8.1065,8.0793,8.0935,1957.82
2019-06-05 15:27,1559719620,8.0933,8.0953,8.0741,8.0833,1818.73
2019-06-05 15:28,1559719680,8.076,8.0967,8.0714,8.0846,1960.62
2019-06-05 15:29,1559719740,8.0834,8.0896,8.0784,8.0896,1327.56
2019-06-05 15:30,1559719800,8.1039,8.123,8.1006,8.123,1774.65
2019-06-05 15:31,1559719860,8.1186,8.1186,8.0833,8.0995,2246.33
2019-06-05 15:32,1559719920,8.1019,8.1312,8.0992,8.1312,1147.48
2019-06-05 15:33,1559719980,8.1284,8.1378,8.0941,8.1226,1997.68
2019-06-05 15:34,1559720040,8.1154,8.1683,8.1154,8.1683,1723.31
2019-06-05 15:35,1559720100,8.1685,8.1854,8.1605,8.1692,2142.79
2019-06-05 15:36,1559720160,8.1692,8.1717,8.1295,8.1328,3371.47
2019-06-05 15:37,1559720220,8.1237,8.1476,8.1237,8.1474,713.14
2019-06-05 15:38,1559720280,8.1351,8.1557,8.1327,8.1545,705.27
2019-06-05 15:39,1559720340,8.1546,8.1844,8.1512,8.1588,1544.95
2019-06-05 15:40,1559720400,8.1588,8.2122,8.1588,8.2122,973.08
2019-06-05 15:41,1559720460,8.2122,8.26,8.1997,8.2068,4540.76
2019-06-05 15:42,1559720520,8.2067,8.2437,8.2067,8.2437,1024.19
2019-06-05 15:43,1559720580,8.2475,8.2476,8.2188,8.229,2171.37
2019-06-05 15:44,1559720640,8.228,8.2321,8.1863,8.2014,2011.61
2019-06-05 15:45,1559720700,8.2025,8.2102,8.191,8.191,398.91
2019-06-05 15:46,1559720760,8.1848,8.2413,8.1848,8.2266,1502.67
2019-06-05 15:47,1559720820,8.2248,8.2248,8.202,8.2151,2174.75
2019-06-05 15:48,1559720880,8.2215,8.2215,8.1643,8.1643,2087.71
2019-06-05 15:49,1559720940,8.1639,8.1804,8.1595,8.1655,954.51
2019-06-05 15:50,1559721000,8.1557,8.1557,8.1352,8.1352,723.47
2019-06-05 15:51,1559721060,8.13,8.1511,8.1277,8.15,2107.66
