date,timechuo,open,high,low,close,vol
2019-05-28 17:52,1559037120,8706.27,8708.91,8700.0,8703.65,13.114976
2019-05-28 17:53,1559037180,8701.26,8705.0,8699.99,8702.84,21.117664
2019-05-28 17:54,1559037240,8701.2,8710.0,8701.2,8707.81,18.784925
2019-05-28 17:55,1559037300,8707.81,8709.0,8705.55,8709.0,8.264773
2019-05-28 17:56,1559037360,8706.96,8715.0,8706.96,8715.0,20.863029
2019-05-28 17:57,1559037420,8715.0,8719.0,8711.0,8711.0,12.165662
2019-05-28 17:58,1559037480,8711.0,8714.84,8704.41,8704.41,20.523028
2019-05-28 17:59,1559037540,8703.49,8713.55,8703.49,8711.43,20.149913
2019-05-28 18:00,1559037600,8712.89,8718.8,8706.32,8706.35,21.124155
2019-05-28 18:01,1559037660,8706.35,8708.1,8699.22,8700.83,18.342781
2019-05-28 18:02,1559037720,8700.8,8703.38,8689.74,8690.57,42.725166
2019-05-28 18:03,1559037780,8690.53,8690.53,8682.33,8688.16,23.929629
2019-05-28 18:04,1559037840,8687.71,8688.16,8675.0,8675.0,25.855499
2019-05-28 18:05,1559037900,8674.6,8686.93,8671.63,8682.78,35.758441
2019-05-28 18:06,1559037960,8679.77,8698.82,8677.1,8691.41,22.360733
2019-05-28 18:07,1559038020,8689.96,8690.6,8675.95,8680.88,28.639314
2019-05-28 18:08,1559038080,8678.52,8685.15,8673.47,8682.46,14.837642
2019-05-28 18:09,1559038140,8682.88,8689.94,8671.04,8674.24,19.107144
2019-05-28 18:10,1559038200,8676.56,8680.26,8667.05,8667.05,18.777036
2019-05-28 18:11,1559038260,8667.05,8682.22,8661.53,8679.96,30.563257
2019-05-28 18:12,1559038320,8682.62,8686.74,8675.09,8686.74,21.209713
2019-05-28 18:13,1559038380,8682.35,8690.64,8678.01,8690.64,9.032264
2019-05-28 18:14,1559038440,8689.19,8690.63,8677.9,8688.52,13.802787
2019-05-28 18:15,1559038500,8688.92,8695.28,8688.52,8693.24,8.189263
2019-05-28 18:16,1559038560,8690.37,8696.0,8690.36,8695.94,6.462042
2019-05-28 18:17,1559038620,8695.19,8699.85,8694.92,8698.33,13.944151
2019-05-28 18:18,1559038680,8699.85,8700.31,8688.11,8691.26,20.061537
2019-05-28 18:19,1559038740,8690.0,8691.25,8680.05,8688.0,17.102908
2019-05-28 18:20,1559038800,8688.0,8695.01,8686.34,8694.83,14.330913
2019-05-28 18:21,1559038860,8690.99,8697.66,8688.04,8689.95,8.222345
2019-05-28 18:22,1559038920,8688.82,8690.0,8684.26,8686.7,10.128302
2019-05-28 18:23,1559038980,8685.45,8690.0,8665.0,8689.79,32.573254
2019-05-28 18:24,1559039040,8690.32,8693.28,8687.96,8693.13,16.417527
2019-05-28 18:25,1559039100,8692.04,8692.69,8681.66,8685.74,26.131377
2019-05-28 18:26,1559039160,8689.04,8689.04,8680.91,8681.04,9.572637
2019-05-28 18:27,1559039220,8681.06,8699.31,8680.86,8693.54,37.710028
2019-05-28 18:28,1559039280,8693.43,8696.0,8689.92,8692.42,8.480248
2019-05-28 18:29,1559039340,8692.44,8701.02,8692.42,8692.48,19.382125
2019-05-28 18:30,1559039400,8690.37,8692.45,8682.8,8688.0,23.332775
2019-05-28 18:31,1559039460,8686.28,8691.04,8685.0,8691.04,10.697269
2019-05-28 18:32,1559039520,8691.88,8692.53,8682.5,8685.18,18.745344
2019-05-28 18:33,1559039580,8685.18,8688.4,8680.0,8680.0,15.773841
2019-05-28 18:34,1559039640,8681.69,8685.16,8671.69,8672.36,26.722467
2019-05-28 18:35,1559039700,8671.73,8674.01,8662.86,8662.99,35.087243
2019-05-28 18:36,1559039760,8663.36,8672.96,8663.16,8668.35,8.485263
2019-05-28 18:37,1559039820,8667.01,8670.77,8660.0,8663.36,23.189682
2019-05-28 18:38,1559039880,8662.41,8668.05,8656.0,8665.63,29.64793
2019-05-28 18:39,1559039940,8662.59,8665.46,8647.1,8653.9,51.180908
2019-05-28 18:40,1559040000,8656.15,8670.0,8652.37,8665.78,29.666256
2019-05-28 18:41,1559040060,8665.74,8669.58,8661.44,8666.0,12.964393
2019-05-28 18:42,1559040120,8666.0,8681.53,8665.32,8675.66,47.373785
2019-05-28 18:43,1559040180,8668.88,8683.77,8668.88,8674.95,15.57588
2019-05-28 18:44,1559040240,8674.96,8675.0,8665.62,8669.41,15.613012
2019-05-28 18:45,1559040300,8669.18,8670.0,8664.17,8666.08,10.357129
2019-05-28 18:46,1559040360,8664.07,8664.09,8656.76,8662.92,13.927661
2019-05-28 18:47,1559040420,8663.98,8675.0,8663.03,8674.67,16.532452
2019-05-28 18:48,1559040480,8673.76,8687.54,8673.76,8684.72,12.852171
2019-05-28 18:49,1559040540,8687.43,8696.2,8682.97,8690.22,26.488134
2019-05-28 18:50,1559040600,8692.39,8703.19,8685.55,8697.39,18.085884
2019-05-28 18:51,1559040660,8697.42,8708.98,8694.98,8704.13,31.118303
2019-05-28 18:52,1559040720,8704.11,8715.3,8697.23,8697.32,54.229168
2019-05-28 18:53,1559040780,8700.46,8703.75,8684.13,8689.79,35.33456
2019-05-28 18:54,1559040840,8689.32,8697.06,8678.8,8680.31,19.607178
2019-05-28 18:55,1559040900,8680.36,8693.74,8678.87,8687.45,14.166074
2019-05-28 18:56,1559040960,8685.72,8693.52,8680.06,8692.16,14.386938
2019-05-28 18:57,1559041020,8693.23,8695.68,8684.74,8687.56,22.345659
2019-05-28 18:58,1559041080,8689.2,8690.0,8676.94,8676.94,24.488409
2019-05-28 18:59,1559041140,8676.98,8684.97,8671.12,8683.12,45.604518
2019-05-28 19:00,1559041200,8683.12,8684.91,8672.39,8676.05,12.772052
2019-05-28 19:01,1559041260,8677.28,8678.09,8668.8,8674.41,31.781551
2019-05-28 19:02,1559041320,8672.61,8693.87,8672.61,8691.37,22.20293
2019-05-28 19:03,1559041380,8691.37,8702.2,8687.45,8693.94,40.772845
2019-05-28 19:04,1559041440,8693.92,8702.1,8690.69,8702.0,18.48867
2019-05-28 19:05,1559041500,8702.0,8703.0,8694.0,8694.94,13.639375
2019-05-28 19:06,1559041560,8697.92,8699.94,8694.0,8695.84,10.554026
2019-05-28 19:07,1559041620,8695.84,8695.84,8684.88,8688.96,15.175321
2019-05-28 19:08,1559041680,8688.96,8700.11,8688.96,8698.0,12.66372
2019-05-28 19:09,1559041740,8698.0,8699.0,8693.31,8698.53,31.866939
2019-05-28 19:10,1559041800,8699.0,8705.34,8698.51,8705.34,9.414143
2019-05-28 19:11,1559041860,8703.11,8711.9,8700.82,8703.23,20.502352
2019-05-28 19:12,1559041920,8703.18,8705.14,8692.0,8696.81,21.502768
2019-05-28 19:13,1559041980,8696.67,8705.0,8694.23,8696.68,19.140103
2019-05-28 19:14,1559042040,8695.17,8698.27,8693.44,8697.11,9.374121
2019-05-28 19:15,1559042100,8696.85,8698.27,8690.81,8690.81,14.772879
2019-05-28 19:16,1559042160,8690.79,8693.77,8681.32,8687.8,25.252171
2019-05-28 19:17,1559042220,8690.01,8701.12,8689.63,8699.86,15.705823
2019-05-28 19:18,1559042280,8699.6,8701.54,8694.14,8699.31,16.572255
2019-05-28 19:19,1559042340,8699.31,8702.99,8696.52,8699.47,17.559092
2019-05-28 19:20,1559042400,8700.36,8702.19,8693.31,8699.91,12.459916
2019-05-28 19:21,1559042460,8700.77,8712.84,8698.95,8705.39,19.887781
2019-05-28 19:22,1559042520,8707.25,8711.53,8703.32,8709.82,15.629202
2019-05-28 19:23,1559042580,8711.52,8712.0,8704.0,8704.14,10.209228
2019-05-28 19:24,1559042640,8704.01,8707.22,8702.0,8702.0,19.28669
2019-05-28 19:25,1559042700,8703.06,8711.21,8702.0,8708.91,11.50322
2019-05-28 19:26,1559042760,8709.44,8714.88,8707.66,8711.81,15.686543
2019-05-28 19:27,1559042820,8713.26,8716.35,8710.01,8715.39,12.625161
2019-05-28 19:28,1559042880,8715.22,8715.22,8707.68,8712.19,19.596715
2019-05-28 19:29,1559042940,8711.19,8712.05,8700.0,8703.14,17.823693
2019-05-28 19:30,1559043000,8703.14,8708.36,8700.0,8700.4,17.593284
2019-05-28 19:31,1559043060,8700.41,8703.6,8700.0,8702.54,8.94107
2019-05-28 19:32,1559043120,8700.84,8703.22,8696.2,8699.74,13.134588
2019-05-28 19:33,1559043180,8699.84,8707.21,8697.45,8706.38,17.073911
2019-05-28 19:34,1559043240,8706.38,8707.46,8697.52,8701.55,9.259343
2019-05-28 19:35,1559043300,8701.55,8702.06,8695.65,8699.42,10.200584
2019-05-28 19:36,1559043360,8698.79,8700.04,8692.3,8698.26,14.270968
2019-05-28 19:37,1559043420,8698.84,8700.77,8692.42,8699.51,22.624696
2019-05-28 19:38,1559043480,8699.09,8699.91,8697.37,8697.73,6.887691
2019-05-28 19:39,1559043540,8699.48,8699.48,8695.0,8697.75,22.630039
2019-05-28 19:40,1559043600,8696.71,8697.75,8695.0,8697.75,7.027562
2019-05-28 19:41,1559043660,8696.0,8697.75,8695.01,8695.52,10.210067
2019-05-28 19:42,1559043720,8696.88,8699.07,8696.4,8697.74,28.234073
2019-05-28 19:43,1559043780,8700.0,8705.02,8698.17,8705.0,20.491142
2019-05-28 19:44,1559043840,8705.0,8708.1,8699.32,8700.87,10.153893
2019-05-28 19:45,1559043900,8701.33,8702.0,8697.71,8699.86,5.74177
2019-05-28 19:46,1559043960,8700.0,8708.0,8699.89,8705.82,11.665857
2019-05-28 19:47,1559044020,8707.9,8713.47,8705.81,8713.47,13.993436
2019-05-28 19:48,1559044080,8712.5,8713.83,8704.0,8704.56,18.51286
2019-05-28 19:49,1559044140,8706.04,8714.13,8703.87,8710.56,14.072948
2019-05-28 19:50,1559044200,8710.6,8713.18,8705.61,8713.18,12.668401
2019-05-28 19:51,1559044260,8714.14,8725.54,8711.19,8723.97,39.184561
2019-05-28 19:52,1559044320,8725.54,8727.61,8718.25,8722.13,26.496368
2019-05-28 19:53,1559044380,8722.13,8724.31,8709.61,8720.14,20.724449
2019-05-28 19:54,1559044440,8720.22,8727.48,8717.44,8722.0,33.560297
2019-05-28 19:55,1559044500,8722.0,8725.46,8721.55,8724.2,12.175384
2019-05-28 19:56,1559044560,8724.23,8728.67,8721.67,8727.07,43.637363
2019-05-28 19:57,1559044620,8727.0,8731.88,8724.3,8730.78,27.001824
2019-05-28 19:58,1559044680,8730.78,8742.02,8730.78,8742.02,24.912275
2019-05-28 19:59,1559044740,8741.35,8743.0,8733.2,8734.36,24.152531
2019-05-28 20:00,1559044800,8734.35,8737.99,8727.23,8734.47,27.833763
2019-05-28 20:01,1559044860,8734.84,8743.83,8731.73,8741.46,34.398555
2019-05-28 20:02,1559044920,8742.3,8756.18,8740.28,8755.22,45.220942
2019-05-28 20:03,1559044980,8755.22,8756.95,8736.53,8742.74,39.445446
2019-05-28 20:04,1559045040,8744.47,8744.5,8741.93,8741.93,12.563107
2019-05-28 20:05,1559045100,8741.97,8741.97,8725.88,8731.48,40.069526
2019-05-28 20:06,1559045160,8731.61,8731.83,8721.2,8724.23,18.369283
2019-05-28 20:07,1559045220,8727.85,8728.27,8713.33,8715.63,26.362438
2019-05-28 20:08,1559045280,8713.45,8725.67,8712.0,8725.32,15.962474
2019-05-28 20:09,1559045340,8725.47,8728.89,8720.0,8726.51,12.659509
2019-05-28 20:10,1559045400,8728.33,8731.51,8725.59,8727.9,14.343567
2019-05-28 20:11,1559045460,8727.37,8729.17,8715.0,8716.73,17.252784
2019-05-28 20:12,1559045520,8716.73,8724.0,8712.93,8721.57,16.816532
2019-05-28 20:13,1559045580,8720.3,8729.68,8720.3,8725.27,10.973927
2019-05-28 20:14,1559045640,8726.0,8729.45,8725.25,8729.45,10.07467
2019-05-28 20:15,1559045700,8729.45,8729.98,8714.02,8717.21,16.050865
2019-05-28 20:16,1559045760,8718.14,8721.29,8716.0,8719.79,10.530867
2019-05-28 20:17,1559045820,8719.8,8720.97,8716.0,8718.03,14.726782
2019-05-28 20:18,1559045880,8718.01,8720.41,8715.81,8715.9,18.995316
2019-05-28 20:19,1559045940,8715.84,8717.59,8707.66,8711.52,15.109229
2019-05-28 20:20,1559046000,8711.59,8713.66,8702.66,8705.0,22.50436
2019-05-28 20:21,1559046060,8704.96,8709.31,8702.56,8706.23,20.538205
2019-05-28 20:22,1559046120,8706.08,8716.45,8704.36,8714.42,20.74979
2019-05-28 20:23,1559046180,8714.42,8716.3,8708.52,8708.52,8.478418
2019-05-28 20:24,1559046240,8709.01,8711.94,8707.0,8707.38,11.801696
2019-05-28 20:25,1559046300,8708.19,8709.63,8702.74,8708.91,15.845208
2019-05-28 20:26,1559046360,8708.44,8714.62,8708.44,8713.59,27.371363
2019-05-28 20:27,1559046420,8713.59,8715.01,8711.74,8712.4,18.816952
2019-05-28 20:28,1559046480,8713.26,8715.01,8711.74,8713.04,15.952354
2019-05-28 20:29,1559046540,8714.99,8719.2,8713.5,8718.54,12.894745
2019-05-28 20:30,1559046600,8718.35,8722.56,8710.25,8711.73,32.382301
2019-05-28 20:31,1559046660,8710.26,8718.09,8710.26,8711.07,19.572297
2019-05-28 20:32,1559046720,8713.3,8716.99,8710.48,8715.85,10.106131
2019-05-28 20:33,1559046780,8715.86,8716.99,8706.01,8708.58,13.365874
2019-05-28 20:34,1559046840,8708.58,8709.23,8702.74,8709.15,22.809871
2019-05-28 20:35,1559046900,8711.7,8714.86,8703.08,8712.49,18.876486
2019-05-28 20:36,1559046960,8711.31,8713.8,8700.0,8702.45,41.792841
2019-05-28 20:37,1559047020,8702.45,8704.39,8697.1,8700.03,11.679007
2019-05-28 20:38,1559047080,8700.03,8700.14,8696.98,8697.69,12.661726
2019-05-28 20:39,1559047140,8696.98,8699.29,8690.0,8699.29,23.531367
2019-05-28 20:40,1559047200,8698.04,8702.0,8695.03,8702.0,31.871631
2019-05-28 20:41,1559047260,8700.61,8706.92,8700.11,8705.04,26.331576
2019-05-28 20:42,1559047320,8705.68,8706.92,8695.33,8698.44,16.136054
2019-05-28 20:43,1559047380,8696.28,8702.91,8694.41,8698.97,14.792854
2019-05-28 20:44,1559047440,8698.88,8699.1,8695.1,8697.2,13.383557
2019-05-28 20:45,1559047500,8697.19,8699.1,8694.72,8695.29,12.843908
2019-05-28 20:46,1559047560,8698.23,8698.23,8695.56,8696.52,11.500846
2019-05-28 20:47,1559047620,8696.52,8701.8,8695.3,8699.12,38.200672
2019-05-28 20:48,1559047680,8699.12,8700.79,8697.5,8699.43,11.899366
2019-05-28 20:49,1559047740,8699.43,8700.05,8695.67,8695.67,12.43636
2019-05-28 20:50,1559047800,8696.81,8700.92,8693.0,8700.7,13.474993
2019-05-28 20:51,1559047860,8700.39,8702.92,8697.36,8701.01,21.362817
2019-05-28 20:52,1559047920,8700.43,8701.01,8693.93,8698.14,13.68249
2019-05-28 20:53,1559047980,8696.06,8697.99,8690.0,8691.15,15.347867
2019-05-28 20:54,1559048040,8693.52,8693.52,8687.06,8689.22,26.887994
2019-05-28 20:55,1559048100,8689.21,8690.22,8685.31,8685.73,9.733279
2019-05-28 20:56,1559048160,8687.78,8690.32,8685.31,8690.02,15.666849
2019-05-28 20:57,1559048220,8690.02,8695.39,8690.02,8693.36,17.305317
2019-05-28 20:58,1559048280,8691.4,8694.15,8688.95,8691.02,11.030116
2019-05-28 20:59,1559048340,8691.0,8695.39,8690.66,8695.15,14.619986
2019-05-28 21:00,1559048400,8693.2,8695.26,8693.17,8693.9,10.666679
2019-05-28 21:01,1559048460,8695.12,8700.0,8693.89,8700.0,12.224692
2019-05-28 21:02,1559048520,8699.44,8706.91,8699.06,8706.9,15.286283
2019-05-28 21:03,1559048580,8706.9,8706.9,8695.61,8697.12,15.863898
2019-05-28 21:04,1559048640,8697.63,8709.54,8695.58,8708.24,23.224073
2019-05-28 21:05,1559048700,8709.42,8710.0,8705.01,8708.19,13.860202
2019-05-28 21:06,1559048760,8710.0,8712.95,8704.02,8710.65,22.16166
2019-05-28 21:07,1559048820,8709.7,8711.65,8708.5,8710.57,6.277921
2019-05-28 21:08,1559048880,8710.84,8714.27,8708.98,8711.01,11.007288
2019-05-28 21:09,1559048940,8711.66,8714.46,8708.7,8712.61,9.541069
2019-05-28 21:10,1559049000,8712.57,8713.34,8707.0,8707.35,9.619346
2019-05-28 21:11,1559049060,8707.35,8714.45,8707.31,8713.96,13.191205
2019-05-28 21:12,1559049120,8713.96,8720.0,8712.11,8716.0,14.95364
2019-05-28 21:13,1559049180,8718.78,8718.99,8710.27,8712.25,16.312538
2019-05-28 21:14,1559049240,8714.67,8714.68,8700.0,8704.56,41.080204
2019-05-28 21:15,1559049300,8704.42,8704.42,8669.0,8674.39,74.477607
2019-05-28 21:16,1559049360,8671.28,8690.0,8670.0,8671.67,49.107622
2019-05-28 21:17,1559049420,8670.67,8681.08,8664.95,8675.1,48.428546
2019-05-28 21:18,1559049480,8679.05,8680.0,8654.0,8677.3,96.728489
2019-05-28 21:19,1559049540,8679.71,8685.9,8672.13,8684.51,31.741453
2019-05-28 21:20,1559049600,8682.93,8687.13,8672.6,8674.0,26.673931
2019-05-28 21:21,1559049660,8672.85,8678.94,8671.55,8671.61,16.800119
2019-05-28 21:22,1559049720,8671.63,8676.4,8651.33,8657.14,92.369992
2019-05-28 21:23,1559049780,8657.13,8660.7,8640.2,8647.07,148.691853
2019-05-28 21:24,1559049840,8650.91,8667.05,8645.13,8655.01,66.402865
2019-05-28 21:25,1559049900,8655.0,8667.0,8651.82,8664.56,29.247504
2019-05-28 21:26,1559049960,8664.98,8672.21,8659.72,8664.85,37.840761
2019-05-28 21:27,1559050020,8667.23,8672.2,8660.21,8665.0,29.78384
2019-05-28 21:28,1559050080,8665.0,8665.41,8650.03,8653.48,32.091506
2019-05-28 21:29,1559050140,8650.1,8654.16,8600.66,8608.04,208.830784
2019-05-28 21:30,1559050200,8600.97,8607.95,8510.63,8549.38,743.352378
2019-05-28 21:31,1559050260,8551.28,8590.5,8549.26,8590.19,180.499275
2019-05-28 21:32,1559050320,8589.32,8590.5,8556.07,8580.05,148.009013
2019-05-28 21:33,1559050380,8579.24,8614.2,8577.93,8610.91,157.613204
2019-05-28 21:34,1559050440,8610.91,8618.87,8601.35,8609.94,151.599148
2019-05-28 21:35,1559050500,8610.08,8619.99,8601.34,8614.08,90.749233
2019-05-28 21:36,1559050560,8614.89,8636.22,8613.33,8634.12,85.490043
2019-05-28 21:37,1559050620,8634.0,8635.95,8615.05,8615.05,95.525848
2019-05-28 21:38,1559050680,8615.05,8634.31,8612.35,8630.0,80.976875
2019-05-28 21:39,1559050740,8632.49,8641.88,8625.19,8638.93,51.591725
2019-05-28 21:40,1559050800,8641.82,8641.88,8635.0,8636.98,43.77348
2019-05-28 21:41,1559050860,8636.3,8643.05,8635.02,8642.61,21.416711
2019-05-28 21:42,1559050920,8643.04,8644.06,8625.18,8625.27,38.754926
2019-05-28 21:43,1559050980,8628.94,8644.43,8625.61,8640.35,39.658507
2019-05-28 21:44,1559051040,8639.17,8644.38,8637.21,8641.31,23.663409
2019-05-28 21:45,1559051100,8641.99,8642.0,8627.5,8627.79,21.829376
2019-05-28 21:46,1559051160,8629.7,8630.19,8617.35,8619.96,34.617268
2019-05-28 21:47,1559051220,8617.39,8635.01,8612.71,8630.66,54.018733
2019-05-28 21:48,1559051280,8630.68,8639.07,8627.99,8637.58,36.741784
2019-05-28 21:49,1559051340,8634.63,8643.58,8634.62,8641.02,21.704299
2019-05-28 21:50,1559051400,8641.04,8655.25,8641.01,8647.73,79.248119
2019-05-28 21:51,1559051460,8650.07,8650.07,8632.68,8649.11,21.856694
2019-05-28 21:52,1559051520,8649.11,8658.04,8640.54,8640.56,34.816936
2019-05-28 21:53,1559051580,8643.65,8656.02,8641.24,8649.55,35.380832
2019-05-28 21:54,1559051640,8647.47,8650.0,8630.0,8641.14,35.90059
2019-05-28 21:55,1559051700,8642.14,8645.46,8636.71,8637.58,48.899516
2019-05-28 21:56,1559051760,8639.46,8641.1,8635.95,8636.17,16.757384
2019-05-28 21:57,1559051820,8636.13,8638.59,8624.63,8629.51,38.967791
2019-05-28 21:58,1559051880,8629.49,8637.89,8627.06,8636.91,22.804836
2019-05-28 21:59,1559051940,8637.73,8645.51,8634.6,8644.44,21.448557
2019-05-28 22:00,1559052000,8643.34,8659.98,8642.31,8654.06,39.867574
2019-05-28 22:01,1559052060,8654.57,8665.83,8654.56,8662.95,21.297383
2019-05-28 22:02,1559052120,8661.79,8662.78,8660.0,8661.84,16.868465
2019-05-28 22:03,1559052180,8661.84,8661.84,8649.91,8654.99,25.221438
2019-05-28 22:04,1559052240,8654.9,8655.0,8646.24,8650.4,26.267707
2019-05-28 22:05,1559052300,8650.57,8659.66,8646.54,8658.01,27.030099
2019-05-28 22:06,1559052360,8659.2,8660.0,8650.0,8653.23,26.469265
2019-05-28 22:07,1559052420,8654.96,8655.75,8643.65,8643.65,22.836852
2019-05-28 22:08,1559052480,8644.88,8645.83,8637.38,8639.86,30.410321
2019-05-28 22:09,1559052540,8640.08,8649.25,8636.0,8638.78,40.090241
2019-05-28 22:10,1559052600,8638.78,8641.62,8632.33,8635.19,24.611252
2019-05-28 22:11,1559052660,8637.61,8650.47,8635.03,8648.12,21.704479
2019-05-28 22:12,1559052720,8647.23,8655.89,8647.23,8654.23,20.713479
2019-05-28 22:13,1559052780,8654.96,8658.53,8645.0,8647.6,27.239915
2019-05-28 22:14,1559052840,8647.2,8650.0,8642.0,8642.73,16.618876
2019-05-28 22:15,1559052900,8642.73,8649.88,8641.82,8649.88,29.100776
2019-05-28 22:16,1559052960,8648.03,8657.73,8646.13,8655.31,21.75692
2019-05-28 22:17,1559053020,8654.9,8659.36,8652.59,8658.23,20.73096
2019-05-28 22:18,1559053080,8657.09,8675.0,8657.09,8674.75,90.179644
2019-05-28 22:19,1559053140,8674.23,8688.88,8670.73,8687.02,54.244703
2019-05-28 22:20,1559053200,8687.02,8687.91,8666.66,8684.62,32.030567
2019-05-28 22:21,1559053260,8681.88,8686.25,8672.31,8678.0,20.397279
2019-05-28 22:22,1559053320,8678.5,8689.65,8670.55,8681.36,78.547943
2019-05-28 22:23,1559053380,8680.45,8686.48,8674.47,8675.36,21.480696
2019-05-28 22:24,1559053440,8677.48,8679.06,8672.65,8673.06,13.173182
2019-05-28 22:25,1559053500,8673.14,8678.91,8668.0,8672.21,26.658223
2019-05-28 22:26,1559053560,8671.26,8674.4,8668.3,8670.54,11.883272
2019-05-28 22:27,1559053620,8670.54,8678.0,8668.0,8675.14,16.312186
2019-05-28 22:28,1559053680,8673.59,8684.74,8672.07,8681.41,28.541226
2019-05-28 22:29,1559053740,8681.47,8684.98,8675.67,8678.32,24.789219
2019-05-28 22:30,1559053800,8680.69,8680.81,8673.35,8676.23,11.649111
2019-05-28 22:31,1559053860,8675.9,8679.44,8669.45,8676.02,19.212259
2019-05-28 22:32,1559053920,8676.82,8676.82,8666.46,8669.02,13.567943
2019-05-28 22:33,1559053980,8668.84,8680.0,8666.47,8678.45,39.386585
2019-05-28 22:34,1559054040,8676.95,8679.08,8670.92,8676.46,17.760043
2019-05-28 22:35,1559054100,8674.33,8678.23,8668.0,8673.59,15.678552
2019-05-28 22:36,1559054160,8671.34,8672.8,8662.02,8668.82,22.344874
2019-05-28 22:37,1559054220,8666.12,8668.64,8657.55,8662.28,15.309504
2019-05-28 22:38,1559054280,8662.28,8668.35,8656.87,8662.19,15.90918
2019-05-28 22:39,1559054340,8662.33,8669.0,8661.01,8662.9,11.572424
2019-05-28 22:40,1559054400,8659.8,8676.37,8657.12,8676.37,19.051765
2019-05-28 22:41,1559054460,8673.57,8679.76,8670.78,8671.61,29.137448
2019-05-28 22:42,1559054520,8671.87,8671.87,8661.56,8663.36,21.373409
2019-05-28 22:43,1559054580,8663.88,8669.0,8661.54,8667.3,15.495016
2019-05-28 22:44,1559054640,8667.27,8667.33,8663.39,8665.19,13.313315
2019-05-28 22:45,1559054700,8665.48,8665.48,8655.9,8662.95,15.443809
2019-05-28 22:46,1559054760,8662.95,8663.55,8652.24,8658.41,20.921372
2019-05-28 22:47,1559054820,8657.21,8659.87,8650.77,8658.44,22.655109
2019-05-28 22:48,1559054880,8657.38,8665.68,8657.35,8665.68,14.226835
2019-05-28 22:49,1559054940,8664.8,8669.85,8664.79,8667.77,17.621855
2019-05-28 22:50,1559055000,8669.24,8669.99,8665.9,8669.97,11.651859
2019-05-28 22:51,1559055060,8669.93,8674.19,8667.72,8672.0,29.520949
2019-05-28 22:52,1559055120,8674.19,8679.23,8672.47,8678.88,14.240204
2019-05-28 22:53,1559055180,8679.23,8689.65,8677.87,8687.71,27.164524
2019-05-28 22:54,1559055240,8686.19,8690.03,8681.9,8684.09,15.109412
2019-05-28 22:55,1559055300,8686.13,8688.3,8678.37,8680.07,15.503301
2019-05-28 22:56,1559055360,8681.52,8683.1,8679.65,8681.41,6.041233
2019-05-28 22:57,1559055420,8681.1,8682.78,8677.04,8677.91,8.562575
2019-05-28 22:58,1559055480,8679.0,8681.28,8671.56,8675.06,20.138012
2019-05-28 22:59,1559055540,8678.54,8689.99,8676.37,8685.8,23.958881
2019-05-28 23:00,1559055600,8685.62,8688.87,8682.0,8688.87,7.771751
2019-05-28 23:01,1559055660,8686.28,8688.86,8682.01,8684.36,11.744427
2019-05-28 23:02,1559055720,8684.79,8686.82,8678.0,8681.6,10.680934
2019-05-28 23:03,1559055780,8680.01,8686.0,8679.72,8681.78,7.939267
2019-05-28 23:04,1559055840,8681.78,8683.14,8671.12,8674.99,17.032036
2019-05-28 23:05,1559055900,8672.32,8680.0,8671.09,8677.65,17.204865
2019-05-28 23:06,1559055960,8677.64,8682.46,8675.88,8679.99,11.581904
2019-05-28 23:07,1559056020,8681.87,8681.87,8673.38,8673.62,14.193504
2019-05-28 23:08,1559056080,8675.79,8678.0,8673.6,8677.12,9.284561
2019-05-28 23:09,1559056140,8677.07,8680.36,8673.62,8680.01,10.99376
2019-05-28 23:10,1559056200,8680.03,8684.0,8675.0,8677.34,9.579151
2019-05-28 23:11,1559056260,8676.57,8679.22,8673.87,8677.53,12.56072
2019-05-28 23:12,1559056320,8679.12,8679.13,8674.06,8678.21,7.479552
2019-05-28 23:13,1559056380,8676.04,8678.96,8667.56,8671.65,19.680819
2019-05-28 23:14,1559056440,8670.51,8679.13,8669.99,8677.89,12.76288
2019-05-28 23:15,1559056500,8677.04,8677.41,8665.89,8668.11,11.862907
2019-05-28 23:16,1559056560,8667.93,8672.98,8666.18,8670.55,10.734111
2019-05-28 23:17,1559056620,8670.57,8675.0,8666.0,8666.39,9.407344
2019-05-28 23:18,1559056680,8667.07,8674.96,8665.83,8670.92,13.172525
2019-05-28 23:19,1559056740,8671.49,8677.34,8665.67,8674.87,17.635789
2019-05-28 23:20,1559056800,8675.12,8677.34,8669.69,8672.26,11.561322
2019-05-28 23:21,1559056860,8672.27,8673.86,8669.97,8671.36,19.110734
2019-05-28 23:22,1559056920,8671.99,8672.79,8667.49,8669.4,10.001035
2019-05-28 23:23,1559056980,8672.59,8673.66,8670.07,8673.65,8.770322
2019-05-28 23:24,1559057040,8672.49,8673.66,8666.39,8666.39,10.440969
2019-05-28 23:25,1559057100,8667.98,8672.0,8664.07,8669.44,34.275376
2019-05-28 23:26,1559057160,8670.54,8671.12,8661.53,8663.57,14.11541
2019-05-28 23:27,1559057220,8662.33,8664.84,8661.82,8662.03,7.643698
2019-05-28 23:28,1559057280,8664.2,8665.0,8661.37,8664.78,21.446694
2019-05-28 23:29,1559057340,8662.43,8671.03,8662.42,8666.89,21.36554
2019-05-28 23:30,1559057400,8665.46,8672.0,8658.52,8665.71,50.804503
2019-05-28 23:31,1559057460,8665.29,8667.82,8662.68,8666.5,9.542194
2019-05-28 23:32,1559057520,8667.43,8670.58,8665.03,8665.23,9.822706
2019-05-28 23:33,1559057580,8665.21,8675.0,8665.13,8672.8,24.482249
2019-05-28 23:34,1559057640,8672.83,8678.29,8671.34,8678.29,9.45404
2019-05-28 23:35,1559057700,8675.52,8678.46,8670.49,8671.87,16.062909
2019-05-28 23:36,1559057760,8670.31,8678.0,8670.0,8674.88,15.782457
2019-05-28 23:37,1559057820,8676.02,8677.0,8671.22,8673.54,16.024959
2019-05-28 23:38,1559057880,8674.97,8677.0,8674.05,8675.78,16.616921
2019-05-28 23:39,1559057940,8674.31,8678.19,8673.3,8676.98,14.79543
2019-05-28 23:40,1559058000,8677.0,8678.46,8675.71,8678.46,11.911605
2019-05-28 23:41,1559058060,8678.46,8683.9,8668.11,8671.96,23.280733
2019-05-28 23:42,1559058120,8671.79,8675.23,8664.56,8672.86,24.376851
2019-05-28 23:43,1559058180,8672.95,8675.24,8670.51,8672.42,16.388961
2019-05-28 23:44,1559058240,8672.68,8675.52,8669.7,8675.25,9.810399
2019-05-28 23:45,1559058300,8673.27,8675.64,8672.42,8673.64,7.586448
2019-05-28 23:46,1559058360,8673.64,8675.72,8672.97,8673.87,8.990694
2019-05-28 23:47,1559058420,8673.87,8680.0,8673.12,8679.9,10.008602
2019-05-28 23:48,1559058480,8679.05,8679.9,8675.68,8679.9,9.453967
2019-05-28 23:49,1559058540,8679.38,8682.31,8678.59,8682.31,14.023155
2019-05-28 23:50,1559058600,8682.31,8690.0,8680.0,8689.34,39.319158
2019-05-28 23:51,1559058660,8689.34,8696.66,8685.71,8691.68,35.157587
2019-05-28 23:52,1559058720,8693.0,8697.54,8685.65,8685.65,43.207426
2019-05-28 23:53,1559058780,8685.67,8690.46,8684.66,8686.0,20.173738
2019-05-28 23:54,1559058840,8686.19,8688.27,8683.0,8684.79,14.067797
2019-05-28 23:55,1559058900,8684.78,8690.65,8683.0,8687.57,23.608254
2019-05-28 23:56,1559058960,8687.57,8692.07,8683.98,8690.26,14.944877
2019-05-28 23:57,1559059020,8690.26,8692.07,8684.9,8688.56,27.103029
2019-05-28 23:58,1559059080,8688.53,8688.54,8684.03,8684.82,12.131705
2019-05-28 23:59,1559059140,8685.99,8686.0,8683.0,8684.17,37.75122
2019-05-29 00:00,1559059200,8684.78,8686.4,8671.94,8673.0,34.539954
2019-05-29 00:01,1559059260,8672.73,8680.0,8670.04,8679.99,13.518266
2019-05-29 00:02,1559059320,8680.0,8683.71,8671.25,8675.0,15.797975
2019-05-29 00:03,1559059380,8673.54,8678.14,8672.11,8673.78,8.39678
2019-05-29 00:04,1559059440,8673.76,8679.62,8671.85,8677.95,12.944859
2019-05-29 00:05,1559059500,8677.95,8679.07,8672.01,8674.59,15.60034
2019-05-29 00:06,1559059560,8676.03,8679.07,8673.5,8677.2,8.019756
2019-05-29 00:07,1559059620,8675.9,8684.93,8674.86,8684.76,18.211605
2019-05-29 00:08,1559059680,8684.73,8685.21,8678.3,8684.96,21.338072
2019-05-29 00:09,1559059740,8681.83,8684.66,8678.47,8680.0,12.168397
2019-05-29 00:10,1559059800,8680.01,8681.75,8674.34,8677.98,17.829417
2019-05-29 00:11,1559059860,8679.94,8679.99,8670.29,8673.13,13.032976
2019-05-29 00:12,1559059920,8672.52,8672.52,8660.0,8661.47,70.560179
2019-05-29 00:13,1559059980,8665.36,8669.04,8660.15,8660.15,23.007403
2019-05-29 00:14,1559060040,8660.15,8671.73,8656.3,8665.35,22.560876
2019-05-29 00:15,1559060100,8662.27,8675.57,8659.76,8675.37,30.294293
2019-05-29 00:16,1559060160,8675.34,8675.82,8663.49,8665.94,26.474007
2019-05-29 00:17,1559060220,8668.39,8671.08,8662.85,8670.96,7.747262
2019-05-29 00:18,1559060280,8669.48,8671.04,8664.27,8668.02,13.33004
2019-05-29 00:19,1559060340,8668.53,8673.94,8664.53,8664.77,15.915099
2019-05-29 00:20,1559060400,8664.77,8669.47,8659.98,8660.0,21.722653
2019-05-29 00:21,1559060460,8662.15,8665.62,8658.11,8662.36,11.300428
2019-05-29 00:22,1559060520,8664.75,8668.52,8660.73,8663.35,9.837269
2019-05-29 00:23,1559060580,8663.33,8663.33,8657.73,8662.56,8.602303
2019-05-29 00:24,1559060640,8658.25,8662.56,8647.02,8648.48,46.069104
2019-05-29 00:25,1559060700,8648.18,8658.27,8645.37,8657.71,21.07607
2019-05-29 00:26,1559060760,8655.62,8656.58,8644.73,8644.99,43.004371
2019-05-29 00:27,1559060820,8644.91,8644.99,8633.98,8641.3,48.958481
2019-05-29 00:28,1559060880,8641.09,8644.77,8638.26,8642.25,13.78787
2019-05-29 00:29,1559060940,8642.31,8655.68,8637.37,8654.98,50.792211
2019-05-29 00:30,1559061000,8654.23,8666.13,8652.0,8663.91,14.186478
2019-05-29 00:31,1559061060,8663.93,8668.39,8646.79,8648.31,27.145375
2019-05-29 00:32,1559061120,8650.36,8655.7,8630.0,8631.03,27.980401
2019-05-29 00:33,1559061180,8630.01,8641.75,8617.42,8621.62,31.476981
2019-05-29 00:34,1559061240,8621.6,8652.61,8617.02,8630.33,61.957216
2019-05-29 00:35,1559061300,8631.08,8639.2,8620.18,8637.62,30.939043
2019-05-29 00:36,1559061360,8638.38,8639.03,8621.5,8632.5,44.421199
2019-05-29 00:37,1559061420,8632.5,8641.94,8629.53,8637.32,19.197762
2019-05-29 00:38,1559061480,8638.08,8639.16,8630.0,8636.0,23.435148
2019-05-29 00:39,1559061540,8637.69,8649.84,8631.45,8648.39,26.374135
2019-05-29 00:40,1559061600,8649.11,8649.82,8636.23,8636.32,35.150733
2019-05-29 00:41,1559061660,8638.68,8650.49,8634.89,8648.79,16.687382
2019-05-29 00:42,1559061720,8649.68,8660.85,8647.67,8660.0,30.249948
2019-05-29 00:43,1559061780,8660.0,8667.56,8657.66,8667.5,16.581598
2019-05-29 00:44,1559061840,8667.5,8667.55,8656.53,8661.36,10.827745
2019-05-29 00:45,1559061900,8661.36,8670.0,8661.04,8667.73,18.448958
2019-05-29 00:46,1559061960,8668.82,8668.82,8660.17,8662.0,12.876685
2019-05-29 00:47,1559062020,8662.0,8663.44,8650.01,8656.02,17.191303
2019-05-29 00:48,1559062080,8654.11,8660.65,8653.76,8658.69,11.981142
2019-05-29 00:49,1559062140,8658.69,8660.0,8651.0,8652.88,7.312789
2019-05-29 00:50,1559062200,8652.1,8652.1,8631.81,8643.1,25.769227
2019-05-29 00:51,1559062260,8642.72,8643.75,8633.72,8643.49,16.729297
2019-05-29 00:52,1559062320,8643.48,8654.95,8641.04,8642.91,22.800463
2019-05-29 00:53,1559062380,8642.9,8650.14,8640.55,8648.19,17.664014
2019-05-29 00:54,1559062440,8648.28,8655.42,8641.33,8641.33,15.571788
2019-05-29 00:55,1559062500,8644.12,8644.12,8635.5,8636.46,8.285516
2019-05-29 00:56,1559062560,8636.5,8644.11,8630.0,8641.02,13.932296
2019-05-29 00:57,1559062620,8642.35,8645.56,8632.84,8636.8,12.318463
2019-05-29 00:58,1559062680,8636.76,8645.0,8630.0,8645.0,19.351004
2019-05-29 00:59,1559062740,8645.0,8656.33,8645.0,8654.13,12.579147
2019-05-29 01:00,1559062800,8650.46,8656.32,8645.6,8649.2,15.938445
2019-05-29 01:01,1559062860,8649.2,8660.0,8646.47,8656.79,24.953877
2019-05-29 01:02,1559062920,8658.25,8660.0,8655.79,8660.0,18.384513
2019-05-29 01:03,1559062980,8659.2,8664.36,8656.69,8661.56,20.263199
2019-05-29 01:04,1559063040,8661.56,8664.31,8656.0,8664.28,14.27355
2019-05-29 01:05,1559063100,8661.94,8670.0,8659.85,8668.0,26.838307
2019-05-29 01:06,1559063160,8668.0,8673.58,8665.36,8667.24,32.692414
2019-05-29 01:07,1559063220,8666.94,8671.48,8665.36,8671.03,14.804607
2019-05-29 01:08,1559063280,8671.03,8674.77,8663.92,8663.92,21.981612
2019-05-29 01:09,1559063340,8663.57,8664.14,8659.25,8661.12,13.468789
2019-05-29 01:10,1559063400,8661.23,8668.36,8656.75,8664.29,16.771133
2019-05-29 01:11,1559063460,8664.96,8668.25,8654.57,8654.62,12.116918
2019-05-29 01:12,1559063520,8656.38,8656.38,8645.06,8645.56,16.263158
2019-05-29 01:13,1559063580,8647.57,8660.34,8645.02,8656.22,45.905948
2019-05-29 01:14,1559063640,8659.85,8662.97,8654.89,8662.59,8.088576
2019-05-29 01:15,1559063700,8660.01,8664.89,8655.67,8664.68,22.173717
2019-05-29 01:16,1559063760,8662.94,8673.15,8662.94,8672.37,20.60808
2019-05-29 01:17,1559063820,8672.33,8672.33,8650.09,8656.71,32.226744
2019-05-29 01:18,1559063880,8656.81,8661.25,8650.0,8659.38,19.407027
2019-05-29 01:19,1559063940,8659.4,8666.7,8656.2,8662.84,17.527608
2019-05-29 01:20,1559064000,8665.83,8674.91,8662.98,8671.73,20.847249
2019-05-29 01:21,1559064060,8671.84,8674.36,8660.0,8666.81,27.695406
2019-05-29 01:22,1559064120,8666.68,8674.07,8664.09,8674.07,18.509735
2019-05-29 01:23,1559064180,8672.64,8677.49,8669.91,8674.69,15.163937
2019-05-29 01:24,1559064240,8674.68,8682.14,8674.63,8678.43,17.77274
2019-05-29 01:25,1559064300,8678.43,8689.97,8678.39,8687.05,37.130529
2019-05-29 01:26,1559064360,8688.0,8690.0,8675.94,8677.85,38.117912
2019-05-29 01:27,1559064420,8678.0,8684.56,8676.07,8681.81,12.588891
2019-05-29 01:28,1559064480,8684.13,8687.0,8681.49,8684.99,12.430001
2019-05-29 01:29,1559064540,8686.76,8689.52,8683.74,8687.96,13.913065
2019-05-29 01:30,1559064600,8689.39,8700.0,8689.39,8700.0,102.575727
2019-05-29 01:31,1559064660,8700.0,8725.0,8700.0,8723.97,95.824255
2019-05-29 01:32,1559064720,8722.99,8722.99,8700.0,8711.12,74.455112
2019-05-29 01:33,1559064780,8711.25,8733.0,8710.09,8723.02,45.795432
2019-05-29 01:34,1559064840,8725.33,8750.08,8723.0,8748.84,124.697228
2019-05-29 01:35,1559064900,8748.82,8771.13,8744.11,8757.42,121.847989
2019-05-29 01:36,1559064960,8756.99,8770.0,8745.52,8768.65,61.981511
2019-05-29 01:37,1559065020,8767.85,8779.29,8761.92,8778.92,125.558111
2019-05-29 01:38,1559065080,8776.69,8790.0,8773.07,8779.27,138.419925
2019-05-29 01:39,1559065140,8775.73,8775.73,8739.5,8755.48,146.003577
2019-05-29 01:40,1559065200,8757.31,8774.77,8745.92,8774.77,46.210843
2019-05-29 01:41,1559065260,8773.71,8782.42,8760.0,8761.21,73.075197
2019-05-29 01:42,1559065320,8761.29,8775.8,8756.26,8774.8,37.187031
2019-05-29 01:43,1559065380,8770.07,8772.22,8757.74,8761.11,17.950452
2019-05-29 01:44,1559065440,8762.08,8764.22,8749.73,8755.73,48.121556
2019-05-29 01:45,1559065500,8755.82,8759.52,8745.93,8745.94,22.582392
2019-05-29 01:46,1559065560,8745.94,8754.96,8736.0,8748.5,106.650699
2019-05-29 01:47,1559065620,8748.62,8751.66,8735.57,8739.45,18.362788
2019-05-29 01:48,1559065680,8739.98,8753.75,8738.85,8750.2,12.783326
2019-05-29 01:49,1559065740,8753.22,8759.75,8746.83,8747.4,35.128372
2019-05-29 01:50,1559065800,8748.0,8750.0,8740.78,8747.4,22.746375
2019-05-29 01:51,1559065860,8747.39,8749.9,8743.57,8745.93,14.815033
2019-05-29 01:52,1559065920,8745.65,8746.72,8733.41,8746.7,43.786964
2019-05-29 01:53,1559065980,8746.7,8756.96,8743.48,8747.33,18.685138
2019-05-29 01:54,1559066040,8747.38,8755.0,8740.49,8747.9,17.632344
2019-05-29 01:55,1559066100,8749.9,8753.19,8740.48,8751.02,14.924428
2019-05-29 01:56,1559066160,8752.54,8754.04,8745.85,8752.41,22.808489
2019-05-29 01:57,1559066220,8753.9,8764.86,8753.9,8764.56,19.532175
2019-05-29 01:58,1559066280,8762.92,8765.0,8742.85,8745.65,30.293298
2019-05-29 01:59,1559066340,8748.08,8749.97,8731.03,8731.19,37.597235
2019-05-29 02:00,1559066400,8731.03,8746.37,8725.63,8739.68,37.010999
2019-05-29 02:01,1559066460,8736.69,8739.67,8710.0,8725.0,81.367727
2019-05-29 02:02,1559066520,8725.0,8730.23,8710.0,8727.78,31.180242
2019-05-29 02:03,1559066580,8728.78,8734.33,8725.51,8726.74,23.543435
2019-05-29 02:04,1559066640,8727.41,8730.0,8718.87,8723.66,24.620681
2019-05-29 02:05,1559066700,8723.63,8726.56,8703.0,8714.54,66.46585
2019-05-29 02:06,1559066760,8714.36,8717.0,8691.62,8702.64,75.214485
2019-05-29 02:07,1559066820,8702.64,8716.37,8698.78,8710.68,26.311975
2019-05-29 02:08,1559066880,8707.02,8723.83,8707.02,8716.17,17.957333
2019-05-29 02:09,1559066940,8716.19,8730.0,8716.17,8719.88,23.278992
2019-05-29 02:10,1559067000,8721.89,8721.9,8714.1,8715.5,13.491054
2019-05-29 02:11,1559067060,8715.85,8726.58,8715.85,8720.55,15.435944
2019-05-29 02:12,1559067120,8723.0,8728.71,8712.61,8712.84,20.917135
2019-05-29 02:13,1559067180,8713.02,8720.39,8709.52,8709.52,21.644267
2019-05-29 02:14,1559067240,8712.3,8724.97,8709.53,8722.29,13.562211
2019-05-29 02:15,1559067300,8724.49,8728.96,8720.2,8726.69,25.398129
2019-05-29 02:16,1559067360,8727.42,8732.07,8723.88,8728.34,19.750324
2019-05-29 02:17,1559067420,8727.16,8733.73,8725.42,8733.73,25.4128
2019-05-29 02:18,1559067480,8734.0,8738.31,8722.89,8726.89,28.257497
2019-05-29 02:19,1559067540,8727.15,8732.52,8722.89,8725.87,13.833713
2019-05-29 02:20,1559067600,8725.6,8740.0,8723.99,8739.84,23.680351
2019-05-29 02:21,1559067660,8739.77,8750.0,8730.75,8730.75,31.831661
2019-05-29 02:22,1559067720,8733.21,8739.57,8728.41,8736.65,17.476886
2019-05-29 02:23,1559067780,8736.47,8736.51,8717.29,8724.14,38.682926
2019-05-29 02:24,1559067840,8721.07,8723.47,8702.0,8702.92,25.056493
2019-05-29 02:25,1559067900,8702.92,8718.53,8697.11,8715.57,31.806188
2019-05-29 02:26,1559067960,8715.58,8722.6,8702.99,8719.8,11.97267
2019-05-29 02:27,1559068020,8719.8,8727.53,8712.14,8725.12,7.990625
2019-05-29 02:28,1559068080,8725.12,8727.85,8718.24,8723.0,9.887455
2019-05-29 02:29,1559068140,8722.43,8724.41,8715.42,8721.92,12.554653
2019-05-29 02:30,1559068200,8720.97,8730.56,8719.85,8725.06,11.540685
2019-05-29 02:31,1559068260,8725.06,8738.71,8725.06,8737.79,12.854182
2019-05-29 02:32,1559068320,8736.62,8738.68,8730.74,8738.26,19.759391
2019-05-29 02:33,1559068380,8738.26,8743.24,8734.95,8741.55,23.392235
2019-05-29 02:34,1559068440,8741.33,8741.33,8735.38,8736.81,8.080054
2019-05-29 02:35,1559068500,8737.14,8742.12,8736.29,8739.71,11.262163
2019-05-29 02:36,1559068560,8737.67,8741.41,8736.46,8738.27,9.753581
2019-05-29 02:37,1559068620,8736.91,8740.74,8735.57,8739.31,10.846637
2019-05-29 02:38,1559068680,8740.06,8745.03,8735.94,8743.36,25.634161
2019-05-29 02:39,1559068740,8743.35,8752.25,8739.87,8752.25,31.815143
2019-05-29 02:40,1559068800,8749.42,8753.06,8745.78,8752.74,21.521605
2019-05-29 02:41,1559068860,8752.74,8755.08,8747.0,8753.82,18.928504
2019-05-29 02:42,1559068920,8750.11,8753.88,8745.86,8747.94,15.139135
2019-05-29 02:43,1559068980,8747.39,8747.93,8735.94,8742.03,17.249938
2019-05-29 02:44,1559069040,8742.05,8744.94,8738.73,8740.44,7.777024
2019-05-29 02:45,1559069100,8741.71,8741.78,8720.83,8732.59,25.599502
2019-05-29 02:46,1559069160,8730.44,8735.56,8720.0,8725.38,18.247612
2019-05-29 02:47,1559069220,8722.19,8729.02,8720.97,8724.96,34.203382
2019-05-29 02:48,1559069280,8729.04,8731.36,8725.45,8730.0,15.472617
2019-05-29 02:49,1559069340,8729.99,8733.37,8721.94,8729.8,14.357993
2019-05-29 02:50,1559069400,8729.8,8732.68,8725.0,8725.79,7.991995
2019-05-29 02:51,1559069460,8725.79,8734.25,8723.22,8734.17,7.522878
2019-05-29 02:52,1559069520,8732.09,8733.26,8726.69,8730.82,6.540906
2019-05-29 02:53,1559069580,8730.14,8732.31,8720.98,8724.48,7.784934
2019-05-29 02:54,1559069640,8722.96,8732.38,8722.96,8726.04,8.861787
2019-05-29 02:55,1559069700,8726.1,8731.18,8725.9,8728.94,9.254363
2019-05-29 02:56,1559069760,8728.94,8728.96,8725.0,8726.7,7.955857
2019-05-29 02:57,1559069820,8727.82,8730.94,8726.05,8730.94,10.272342
2019-05-29 02:58,1559069880,8730.94,8730.94,8727.48,8729.1,7.969418
2019-05-29 02:59,1559069940,8727.95,8729.66,8723.9,8728.78,7.359432
2019-05-29 03:00,1559070000,8727.67,8730.01,8727.09,8727.39,7.169961
2019-05-29 03:01,1559070060,8729.25,8729.99,8727.33,8729.3,6.225396
2019-05-29 03:02,1559070120,8729.79,8739.99,8727.82,8737.19,24.226339
2019-05-29 03:03,1559070180,8738.91,8745.0,8734.71,8745.0,13.54828
2019-05-29 03:04,1559070240,8745.03,8747.58,8740.1,8746.78,16.492862
2019-05-29 03:05,1559070300,8747.82,8753.08,8740.0,8750.05,26.60679
2019-05-29 03:06,1559070360,8750.06,8753.18,8733.48,8744.19,24.320448
2019-05-29 03:07,1559070420,8744.21,8746.65,8739.01,8742.05,13.802862
2019-05-29 03:08,1559070480,8741.28,8760.82,8739.0,8745.26,30.841133
2019-05-29 03:09,1559070540,8745.22,8748.95,8735.93,8739.94,9.031877
2019-05-29 03:10,1559070600,8739.58,8745.46,8735.93,8739.92,18.961422
2019-05-29 03:11,1559070660,8739.94,8741.36,8735.9,8741.13,11.86464
2019-05-29 03:12,1559070720,8741.36,8748.99,8738.63,8747.68,21.30088
2019-05-29 03:13,1559070780,8747.68,8750.0,8741.3,8748.12,5.857766
2019-05-29 03:14,1559070840,8750.0,8758.0,8748.12,8755.2,13.292344
2019-05-29 03:15,1559070900,8756.18,8759.14,8748.0,8750.0,23.319696
2019-05-29 03:16,1559070960,8748.17,8750.0,8746.83,8749.49,11.863834
2019-05-29 03:17,1559071020,8747.68,8755.64,8746.03,8752.94,39.612858
2019-05-29 03:18,1559071080,8755.61,8764.14,8751.68,8764.14,13.013954
2019-05-29 03:19,1559071140,8764.12,8774.25,8737.82,8740.51,71.637855
2019-05-29 03:20,1559071200,8739.8,8754.1,8739.79,8751.31,18.215794
2019-05-29 03:21,1559071260,8753.38,8753.38,8725.0,8735.0,26.643913
2019-05-29 03:22,1559071320,8731.94,8737.3,8672.67,8686.97,99.750073
2019-05-29 03:23,1559071380,8686.95,8686.97,8630.0,8678.82,188.17048
2019-05-29 03:24,1559071440,8679.19,8694.48,8653.1,8665.24,85.079244
2019-05-29 03:25,1559071500,8663.89,8706.24,8662.56,8702.08,51.807577
2019-05-29 03:26,1559071560,8704.0,8704.0,8680.18,8696.78,39.774602
2019-05-29 03:27,1559071620,8695.42,8707.51,8686.95,8692.62,33.990445
2019-05-29 03:28,1559071680,8692.77,8692.77,8670.04,8670.65,30.699351
2019-05-29 03:29,1559071740,8671.29,8678.37,8665.06,8677.86,31.848557
2019-05-29 03:30,1559071800,8678.79,8688.46,8678.79,8681.37,39.647676
2019-05-29 03:31,1559071860,8681.0,8681.0,8669.97,8678.53,23.049377
2019-05-29 03:32,1559071920,8678.53,8691.99,8671.29,8677.87,14.112455
2019-05-29 03:33,1559071980,8673.99,8685.42,8664.0,8669.08,25.597937
2019-05-29 03:34,1559072040,8668.88,8670.0,8661.96,8661.96,13.497437
2019-05-29 03:35,1559072100,8661.83,8686.37,8660.0,8686.02,18.690275
2019-05-29 03:36,1559072160,8686.02,8698.05,8683.11,8685.99,25.504058
2019-05-29 03:37,1559072220,8687.86,8697.43,8685.52,8694.06,18.88489
2019-05-29 03:38,1559072280,8690.0,8690.65,8682.39,8686.88,9.18943
2019-05-29 03:39,1559072340,8685.35,8691.05,8685.35,8687.09,10.770881
2019-05-29 03:40,1559072400,8687.09,8696.52,8686.6,8696.38,12.768762
2019-05-29 03:41,1559072460,8696.34,8696.34,8688.32,8693.85,25.630816
2019-05-29 03:42,1559072520,8695.25,8695.25,8688.32,8688.32,7.346171
2019-05-29 03:43,1559072580,8688.61,8696.47,8688.49,8689.73,7.644107
2019-05-29 03:44,1559072640,8691.35,8696.45,8689.94,8692.77,10.611842
2019-05-29 03:45,1559072700,8692.91,8696.21,8681.67,8684.33,24.726317
2019-05-29 03:46,1559072760,8684.37,8687.09,8677.0,8685.63,23.387624
2019-05-29 03:47,1559072820,8684.27,8689.18,8682.27,8686.44,12.216799
2019-05-29 03:48,1559072880,8685.8,8686.98,8675.0,8675.56,13.838379
2019-05-29 03:49,1559072940,8675.56,8690.57,8674.25,8690.57,15.267132
2019-05-29 03:50,1559073000,8689.13,8692.93,8681.19,8683.14,9.299751
2019-05-29 03:51,1559073060,8683.4,8691.36,8681.26,8685.33,13.227095
2019-05-29 03:52,1559073120,8683.28,8686.65,8681.19,8682.15,13.772984
2019-05-29 03:53,1559073180,8682.0,8686.13,8675.94,8685.05,13.059535
2019-05-29 03:54,1559073240,8684.99,8686.72,8675.99,8677.02,12.495655
2019-05-29 03:55,1559073300,8677.65,8685.39,8676.79,8680.3,20.850838
2019-05-29 03:56,1559073360,8680.28,8682.98,8676.17,8680.0,12.5117
2019-05-29 03:57,1559073420,8677.87,8684.81,8677.26,8680.28,5.227843
2019-05-29 03:58,1559073480,8680.37,8681.93,8676.49,8677.92,10.876101
2019-05-29 03:59,1559073540,8676.58,8690.0,8676.58,8689.64,41.658082
2019-05-29 04:00,1559073600,8689.66,8704.77,8688.85,8702.29,23.142373
2019-05-29 04:01,1559073660,8701.94,8715.54,8696.8,8700.78,44.442836
2019-05-29 04:02,1559073720,8699.3,8703.23,8693.67,8697.71,13.889545
2019-05-29 04:03,1559073780,8698.1,8701.49,8689.24,8691.2,11.250036
2019-05-29 04:04,1559073840,8691.22,8691.22,8680.08,8684.41,8.5688
2019-05-29 04:05,1559073900,8685.84,8700.0,8685.67,8699.32,15.257209
2019-05-29 04:06,1559073960,8699.79,8699.79,8686.87,8692.65,13.401211
2019-05-29 04:07,1559074020,8695.43,8697.1,8684.92,8687.56,9.310644
2019-05-29 04:08,1559074080,8686.6,8688.74,8680.28,8682.41,11.17059
2019-05-29 04:09,1559074140,8680.29,8698.99,8675.0,8690.61,40.886705
2019-05-29 04:10,1559074200,8690.47,8705.36,8684.61,8704.37,16.916478
2019-05-29 04:11,1559074260,8704.22,8710.0,8700.97,8705.6,15.322969
2019-05-29 04:12,1559074320,8705.47,8707.59,8700.0,8702.58,10.07655
2019-05-29 04:13,1559074380,8704.9,8705.33,8698.93,8703.98,6.215512
2019-05-29 04:14,1559074440,8703.57,8705.32,8693.21,8696.11,11.042469
2019-05-29 04:15,1559074500,8697.1,8702.83,8695.02,8697.14,11.018813
2019-05-29 04:16,1559074560,8697.12,8700.11,8683.38,8692.48,18.093915
2019-05-29 04:17,1559074620,8692.08,8695.0,8685.56,8686.56,21.628874
2019-05-29 04:18,1559074680,8688.27,8698.06,8688.27,8693.63,9.611155
2019-05-29 04:19,1559074740,8693.77,8704.21,8691.2,8698.0,13.998276
2019-05-29 04:20,1559074800,8698.0,8700.98,8692.43,8698.63,4.913405
2019-05-29 04:21,1559074860,8698.65,8704.96,8693.8,8704.96,6.85511
2019-05-29 04:22,1559074920,8703.68,8707.6,8700.85,8707.31,6.844231
2019-05-29 04:23,1559074980,8705.26,8706.96,8692.2,8694.04,21.228828
2019-05-29 04:24,1559075040,8694.04,8698.39,8691.0,8692.79,9.459153
2019-05-29 04:25,1559075100,8692.57,8697.74,8687.25,8694.05,11.732155
2019-05-29 04:26,1559075160,8693.79,8696.0,8690.0,8693.17,8.219537
2019-05-29 04:27,1559075220,8693.18,8693.63,8690.0,8691.87,11.21055
2019-05-29 04:28,1559075280,8690.54,8695.49,8687.6,8690.66,9.819932
2019-05-29 04:29,1559075340,8690.67,8699.8,8690.38,8696.56,9.948956
2019-05-29 04:30,1559075400,8696.48,8699.3,8691.22,8695.12,12.124383
2019-05-29 04:31,1559075460,8695.38,8697.66,8691.53,8693.72,5.684571
2019-05-29 04:32,1559075520,8692.73,8697.31,8692.73,8695.76,4.995412
2019-05-29 04:33,1559075580,8695.0,8697.49,8693.18,8693.86,8.768474
2019-05-29 04:34,1559075640,8694.85,8696.73,8692.64,8693.96,6.457631
2019-05-29 04:35,1559075700,8693.94,8694.87,8689.26,8690.0,8.856253
2019-05-29 04:36,1559075760,8689.2,8694.34,8689.18,8691.33,8.076339
2019-05-29 04:37,1559075820,8690.01,8699.6,8690.01,8695.32,16.362939
2019-05-29 04:38,1559075880,8695.36,8699.39,8695.33,8698.56,7.014913
2019-05-29 04:39,1559075940,8698.5,8706.4,8697.18,8702.98,14.913608
2019-05-29 04:40,1559076000,8704.51,8705.05,8699.03,8701.96,7.216459
2019-05-29 04:41,1559076060,8701.96,8706.0,8692.51,8692.51,28.395392
2019-05-29 04:42,1559076120,8698.81,8701.42,8694.44,8700.0,5.042246
2019-05-29 04:43,1559076180,8698.98,8704.0,8697.0,8703.76,6.677304
2019-05-29 04:44,1559076240,8703.71,8710.0,8700.24,8702.53,16.772101
2019-05-29 04:45,1559076300,8702.12,8713.31,8700.83,8710.11,12.606361
2019-05-29 04:46,1559076360,8710.29,8720.0,8710.28,8717.41,15.088566
2019-05-29 04:47,1559076420,8719.93,8720.98,8708.71,8714.4,16.989847
2019-05-29 04:48,1559076480,8713.09,8716.31,8708.75,8716.31,11.97562
2019-05-29 04:49,1559076540,8714.99,8720.36,8707.34,8712.89,12.68292
2019-05-29 04:50,1559076600,8711.78,8711.78,8684.55,8697.55,32.453721
2019-05-29 04:51,1559076660,8697.13,8703.26,8693.83,8696.74,12.688825
2019-05-29 04:52,1559076720,8695.21,8704.07,8682.56,8698.4,24.146179
2019-05-29 04:53,1559076780,8698.89,8703.59,8698.21,8699.73,8.562367
2019-05-29 04:54,1559076840,8699.72,8700.0,8695.2,8695.26,4.586771
2019-05-29 04:55,1559076900,8695.28,8695.39,8685.36,8692.84,13.696765
2019-05-29 04:56,1559076960,8692.01,8692.01,8680.04,8686.0,9.946559
2019-05-29 04:57,1559077020,8686.16,8695.02,8686.16,8693.95,7.167001
2019-05-29 04:58,1559077080,8693.59,8698.98,8693.0,8696.83,7.026634
2019-05-29 04:59,1559077140,8694.11,8696.49,8688.62,8692.61,10.191921
2019-05-29 05:00,1559077200,8692.39,8697.85,8681.45,8688.54,10.642346
2019-05-29 05:01,1559077260,8688.54,8690.0,8678.94,8682.77,12.997519
2019-05-29 05:02,1559077320,8682.37,8683.81,8665.51,8666.66,19.83698
2019-05-29 05:03,1559077380,8667.12,8684.93,8664.06,8684.56,16.374975
2019-05-29 05:04,1559077440,8681.68,8686.07,8675.74,8683.38,15.549751
2019-05-29 05:05,1559077500,8681.25,8693.66,8681.25,8685.79,13.636375
2019-05-29 05:06,1559077560,8687.0,8688.55,8684.4,8684.64,9.91163
2019-05-29 05:07,1559077620,8684.52,8684.54,8671.17,8672.92,6.066622
2019-05-29 05:08,1559077680,8675.92,8679.95,8671.33,8674.94,5.656837
2019-05-29 05:09,1559077740,8674.96,8688.54,8674.0,8688.23,13.034558
2019-05-29 05:10,1559077800,8686.58,8688.7,8682.69,8683.42,6.664921
2019-05-29 05:11,1559077860,8683.42,8690.48,8683.18,8685.21,7.11938
2019-05-29 05:12,1559077920,8688.05,8688.6,8676.83,8678.0,13.005211
2019-05-29 05:13,1559077980,8679.68,8684.97,8677.65,8681.7,4.887311
2019-05-29 05:14,1559078040,8681.53,8683.42,8677.92,8679.98,7.659874
2019-05-29 05:15,1559078100,8679.98,8680.0,8669.27,8671.35,11.18627
2019-05-29 05:16,1559078160,8670.57,8672.97,8667.1,8667.1,6.281616
2019-05-29 05:17,1559078220,8666.84,8670.0,8666.46,8669.93,9.023807
2019-05-29 05:18,1559078280,8668.0,8670.0,8659.03,8659.16,39.483116
2019-05-29 05:19,1559078340,8659.03,8673.54,8656.85,8670.0,25.780928
2019-05-29 05:20,1559078400,8669.42,8676.38,8667.11,8675.1,6.892659
2019-05-29 05:21,1559078460,8675.26,8685.0,8673.23,8685.0,7.592572
2019-05-29 05:22,1559078520,8683.1,8689.98,8682.95,8689.75,38.448449
2019-05-29 05:23,1559078580,8685.63,8689.51,8683.04,8687.82,9.820219
2019-05-29 05:24,1559078640,8686.34,8687.73,8675.16,8678.2,7.107398
2019-05-29 05:25,1559078700,8678.2,8678.26,8671.77,8674.87,4.805025
2019-05-29 05:26,1559078760,8674.87,8678.1,8670.06,8672.69,7.057819
2019-05-29 05:27,1559078820,8672.69,8678.1,8670.5,8675.81,6.887899
2019-05-29 05:28,1559078880,8678.06,8680.0,8674.13,8677.74,7.363485
2019-05-29 05:29,1559078940,8679.68,8684.92,8674.04,8677.92,13.360146
2019-05-29 05:30,1559079000,8677.21,8677.9,8667.46,8670.17,16.544367
2019-05-29 05:31,1559079060,8672.03,8674.71,8667.51,8673.45,7.983864
2019-05-29 05:32,1559079120,8673.45,8675.82,8668.58,8670.45,8.800411
2019-05-29 05:33,1559079180,8670.45,8677.41,8669.52,8674.75,11.303091
2019-05-29 05:34,1559079240,8674.73,8680.49,8674.0,8680.0,18.200581
2019-05-29 05:35,1559079300,8680.0,8682.26,8674.95,8675.67,10.266086
2019-05-29 05:36,1559079360,8675.67,8679.98,8674.93,8679.22,6.713043
2019-05-29 05:37,1559079420,8677.8,8679.44,8674.96,8675.26,6.899007
2019-05-29 05:38,1559079480,8676.77,8679.95,8675.26,8675.32,6.988678
2019-05-29 05:39,1559079540,8675.85,8684.61,8675.26,8681.7,12.428207
2019-05-29 05:40,1559079600,8682.63,8691.64,8678.66,8688.4,35.603748
2019-05-29 05:41,1559079660,8688.77,8700.74,8688.32,8696.77,23.448979
2019-05-29 05:42,1559079720,8698.26,8701.6,8694.43,8698.96,12.485487
2019-05-29 05:43,1559079780,8698.96,8706.99,8697.0,8699.99,18.248258
2019-05-29 05:44,1559079840,8699.42,8699.97,8685.64,8694.61,9.300146
2019-05-29 05:45,1559079900,8696.45,8701.76,8689.3,8692.9,14.237468
2019-05-29 05:46,1559079960,8695.04,8700.98,8687.74,8696.99,18.318339
2019-05-29 05:47,1559080020,8695.07,8704.85,8695.06,8702.55,9.410882
2019-05-29 05:48,1559080080,8702.0,8704.35,8695.36,8697.07,8.079605
2019-05-29 05:49,1559080140,8696.95,8698.03,8690.09,8692.61,11.703236
2019-05-29 05:50,1559080200,8692.55,8697.81,8686.0,8695.17,10.966613
2019-05-29 05:51,1559080260,8694.8,8698.02,8686.95,8696.26,9.068328
2019-05-29 05:52,1559080320,8695.33,8701.87,8694.9,8699.99,13.334479
2019-05-29 05:53,1559080380,8699.15,8710.0,8699.15,8703.78,17.58253
2019-05-29 05:54,1559080440,8703.86,8710.0,8699.63,8702.56,11.434534
2019-05-29 05:55,1559080500,8702.62,8709.01,8696.1,8705.24,10.209261
2019-05-29 05:56,1559080560,8706.68,8707.39,8698.3,8700.9,9.328626
2019-05-29 05:57,1559080620,8700.33,8706.5,8699.56,8706.11,14.346407
2019-05-29 05:58,1559080680,8706.49,8710.0,8706.12,8706.12,12.33142
2019-05-29 05:59,1559080740,8708.38,8716.99,8706.12,8716.53,29.083894
2019-05-29 06:00,1559080800,8710.39,8720.0,8694.9,8712.23,42.192299
2019-05-29 06:01,1559080860,8715.09,8723.0,8713.51,8722.69,38.330247
2019-05-29 06:02,1559080920,8722.69,8726.5,8713.62,8717.99,15.827169
2019-05-29 06:03,1559080980,8717.98,8728.57,8715.93,8722.98,38.309527
2019-05-29 06:04,1559081040,8722.98,8730.0,8699.78,8727.98,33.316265
2019-05-29 06:05,1559081100,8729.44,8733.36,8697.0,8726.12,56.114741
2019-05-29 06:06,1559081160,8724.59,8727.74,8706.54,8719.22,25.341511
2019-05-29 06:07,1559081220,8719.48,8739.0,8716.37,8727.54,33.039392
2019-05-29 06:08,1559081280,8730.76,8730.76,8706.4,8725.63,25.462611
2019-05-29 06:09,1559081340,8727.73,8728.52,8717.76,8722.75,9.455016
2019-05-29 06:10,1559081400,8724.61,8724.61,8696.5,8712.26,42.777488
2019-05-29 06:11,1559081460,8712.81,8717.77,8696.48,8715.72,67.343233
2019-05-29 06:12,1559081520,8715.72,8717.72,8709.36,8714.84,7.594472
2019-05-29 06:13,1559081580,8714.9,8715.84,8711.01,8711.01,9.28927
2019-05-29 06:14,1559081640,8711.02,8714.5,8700.45,8704.95,10.642635
2019-05-29 06:15,1559081700,8704.96,8714.0,8702.45,8712.03,16.911213
2019-05-29 06:16,1559081760,8712.03,8712.05,8700.0,8700.0,6.995881
2019-05-29 06:17,1559081820,8702.0,8702.0,8697.11,8701.97,17.375333
2019-05-29 06:18,1559081880,8701.12,8702.0,8697.04,8699.0,10.981341
2019-05-29 06:19,1559081940,8699.0,8704.89,8699.0,8700.0,14.760631
2019-05-29 06:20,1559082000,8700.02,8705.86,8699.0,8705.86,10.642156
2019-05-29 06:21,1559082060,8705.86,8715.0,8705.33,8709.96,7.268791
2019-05-29 06:22,1559082120,8709.96,8715.0,8707.04,8713.0,9.7071
2019-05-29 06:23,1559082180,8713.0,8715.0,8708.49,8714.41,8.627033
2019-05-29 06:24,1559082240,8712.83,8715.0,8711.23,8713.17,13.436972
2019-05-29 06:25,1559082300,8712.16,8713.99,8706.0,8706.0,18.466183
2019-05-29 06:26,1559082360,8707.8,8708.98,8700.87,8701.35,14.302985
2019-05-29 06:27,1559082420,8703.81,8715.5,8701.63,8715.5,16.740144
2019-05-29 06:28,1559082480,8715.49,8725.0,8711.03,8718.67,38.505098
2019-05-29 06:29,1559082540,8720.77,8726.27,8716.9,8722.12,25.462618
2019-05-29 06:30,1559082600,8723.8,8727.65,8717.02,8719.55,13.450035
2019-05-29 06:31,1559082660,8719.53,8723.26,8715.1,8715.57,19.385936
2019-05-29 06:32,1559082720,8715.55,8715.55,8708.54,8710.65,11.214991
2019-05-29 06:33,1559082780,8709.47,8712.93,8703.55,8709.16,10.506615
2019-05-29 06:34,1559082840,8709.18,8711.33,8701.33,8702.33,13.63357
2019-05-29 06:35,1559082900,8702.41,8707.53,8697.81,8700.15,25.560069
2019-05-29 06:36,1559082960,8697.33,8704.74,8697.31,8699.88,13.973949
2019-05-29 06:37,1559083020,8698.0,8700.09,8695.93,8700.09,8.059384
2019-05-29 06:38,1559083080,8700.09,8700.09,8692.31,8693.8,30.568785
2019-05-29 06:39,1559083140,8692.31,8698.48,8689.18,8690.89,15.77457
2019-05-29 06:40,1559083200,8691.66,8694.95,8686.95,8686.96,11.588039
2019-05-29 06:41,1559083260,8689.06,8689.06,8682.33,8682.72,14.590553
2019-05-29 06:42,1559083320,8682.72,8692.44,8681.89,8689.16,18.028236
2019-05-29 06:43,1559083380,8692.07,8696.96,8688.82,8689.98,25.144691
2019-05-29 06:44,1559083440,8689.98,8690.0,8689.52,8689.52,13.011908
2019-05-29 06:45,1559083500,8690.0,8695.03,8689.52,8694.99,18.130413
2019-05-29 06:46,1559083560,8694.99,8694.99,8689.54,8691.47,6.904433
2019-05-29 06:47,1559083620,8692.99,8693.31,8687.51,8690.04,6.19659
2019-05-29 06:48,1559083680,8688.03,8698.99,8688.03,8698.99,8.968089
2019-05-29 06:49,1559083740,8697.44,8703.45,8695.85,8699.0,13.629089
2019-05-29 06:50,1559083800,8700.14,8700.16,8690.45,8695.45,19.265707
2019-05-29 06:51,1559083860,8694.47,8695.46,8693.24,8694.64,8.311396
2019-05-29 06:52,1559083920,8694.61,8697.53,8692.27,8696.84,9.014903
2019-05-29 06:53,1559083980,8696.84,8702.09,8696.07,8699.27,11.05958
2019-05-29 06:54,1559084040,8698.7,8708.19,8696.04,8705.82,10.503616
2019-05-29 06:55,1559084100,8707.94,8717.19,8706.03,8716.66,13.606423
2019-05-29 06:56,1559084160,8716.25,8717.98,8710.01,8712.25,18.13148
2019-05-29 06:57,1559084220,8712.24,8717.97,8709.03,8712.23,14.036575
2019-05-29 06:58,1559084280,8712.31,8714.37,8706.38,8707.22,11.651378
2019-05-29 06:59,1559084340,8706.55,8713.74,8706.47,8709.58,10.349973
2019-05-29 07:00,1559084400,8710.62,8715.0,8709.03,8710.35,9.933345
2019-05-29 07:01,1559084460,8710.35,8712.46,8701.12,8704.4,11.343247
2019-05-29 07:02,1559084520,8701.96,8702.81,8696.22,8701.16,8.767716
2019-05-29 07:03,1559084580,8699.94,8703.73,8698.19,8698.19,6.344665
2019-05-29 07:04,1559084640,8698.17,8700.52,8692.27,8693.0,18.737699
2019-05-29 07:05,1559084700,8692.99,8693.65,8685.58,8693.65,18.698751
2019-05-29 07:06,1559084760,8694.04,8696.2,8687.61,8695.3,7.95031
2019-05-29 07:07,1559084820,8694.47,8699.86,8693.06,8698.28,9.478083
2019-05-29 07:08,1559084880,8696.1,8704.99,8695.83,8703.64,9.624959
2019-05-29 07:09,1559084940,8702.66,8705.92,8699.71,8702.01,8.032268
2019-05-29 07:10,1559085000,8701.99,8704.99,8700.0,8700.23,12.421479
2019-05-29 07:11,1559085060,8700.85,8705.91,8700.61,8702.7,7.904825
2019-05-29 07:12,1559085120,8702.68,8702.68,8693.18,8695.66,7.150845
2019-05-29 07:13,1559085180,8695.64,8697.05,8694.24,8695.26,4.7059
2019-05-29 07:14,1559085240,8696.55,8703.16,8694.58,8702.94,11.308909
2019-05-29 07:15,1559085300,8703.3,8704.11,8694.4,8695.34,9.338949
2019-05-29 07:16,1559085360,8696.66,8697.89,8694.0,8694.01,8.395174
2019-05-29 07:17,1559085420,8695.69,8697.87,8693.03,8695.29,7.433039
2019-05-29 07:18,1559085480,8697.63,8697.65,8690.55,8693.46,5.436438
2019-05-29 07:19,1559085540,8693.41,8693.41,8688.0,8690.02,7.406792
2019-05-29 07:20,1559085600,8691.17,8691.17,8683.78,8685.43,11.43879
2019-05-29 07:21,1559085660,8685.54,8689.27,8682.37,8687.27,11.00505
2019-05-29 07:22,1559085720,8687.35,8698.33,8683.23,8697.53,16.640508
2019-05-29 07:23,1559085780,8697.94,8702.59,8695.22,8698.14,8.763433
2019-05-29 07:24,1559085840,8701.43,8702.07,8695.82,8701.61,8.060964
2019-05-29 07:25,1559085900,8699.57,8709.42,8699.57,8708.08,13.508514
2019-05-29 07:26,1559085960,8708.78,8717.59,8705.15,8717.59,9.761168
2019-05-29 07:27,1559086020,8716.18,8725.0,8716.16,8721.56,16.879294
2019-05-29 07:28,1559086080,8723.34,8725.0,8714.75,8719.53,14.060497
2019-05-29 07:29,1559086140,8716.76,8721.65,8713.53,8714.07,5.968457
2019-05-29 07:30,1559086200,8715.48,8724.71,8714.19,8721.91,8.058087
2019-05-29 07:31,1559086260,8721.93,8722.54,8716.27,8717.92,8.45404
2019-05-29 07:32,1559086320,8719.63,8719.63,8710.82,8713.53,13.869757
2019-05-29 07:33,1559086380,8713.54,8713.81,8707.72,8713.68,14.02233
2019-05-29 07:34,1559086440,8713.72,8713.92,8711.25,8712.0,6.788074
2019-05-29 07:35,1559086500,8712.45,8713.81,8706.66,8707.18,11.034553
2019-05-29 07:36,1559086560,8707.18,8710.31,8706.62,8706.62,5.711795
2019-05-29 07:37,1559086620,8706.75,8720.0,8704.98,8717.19,19.039713
2019-05-29 07:38,1559086680,8717.94,8723.5,8715.85,8723.07,11.964003
2019-05-29 07:39,1559086740,8722.12,8729.96,8719.25,8719.78,11.314632
2019-05-29 07:40,1559086800,8721.01,8724.97,8719.26,8719.26,10.418237
2019-05-29 07:41,1559086860,8719.26,8726.38,8717.39,8723.08,14.029327
2019-05-29 07:42,1559086920,8725.06,8726.0,8721.0,8722.39,6.871981
2019-05-29 07:43,1559086980,8722.12,8722.21,8712.27,8715.81,8.355005
2019-05-29 07:44,1559087040,8714.7,8714.7,8711.49,8712.67,6.962023
2019-05-29 07:45,1559087100,8712.75,8724.7,8712.0,8720.05,10.542501
2019-05-29 07:46,1559087160,8721.83,8726.56,8719.23,8726.56,4.44123
2019-05-29 07:47,1559087220,8724.3,8733.1,8724.28,8732.09,19.626001
2019-05-29 07:48,1559087280,8730.22,8739.36,8725.82,8738.15,10.215361
2019-05-29 07:49,1559087340,8738.15,8739.36,8726.02,8730.0,15.825366
2019-05-29 07:50,1559087400,8728.01,8738.34,8712.01,8712.01,23.696315
2019-05-29 07:51,1559087460,8712.83,8727.47,8712.83,8727.35,9.512966
2019-05-29 07:52,1559087520,8727.35,8727.53,8716.63,8725.77,39.638951
2019-05-29 07:53,1559087580,8727.48,8736.6,8723.02,8728.58,24.070825
2019-05-29 07:54,1559087640,8732.26,8734.57,8725.0,8732.75,13.254034
2019-05-29 07:55,1559087700,8732.75,8740.0,8732.0,8732.18,21.678471
2019-05-29 07:56,1559087760,8733.0,8735.02,8727.43,8727.94,17.799155
2019-05-29 07:57,1559087820,8729.91,8732.0,8720.89,8720.89,17.806209
2019-05-29 07:58,1559087880,8720.89,8721.95,8712.78,8715.87,19.085241
2019-05-29 07:59,1559087940,8715.87,8725.0,8714.55,8715.64,26.892006
2019-05-29 08:00,1559088000,8716.87,8716.87,8691.64,8691.73,32.009613
2019-05-29 08:01,1559088060,8691.75,8704.58,8691.33,8698.79,37.834141
2019-05-29 08:02,1559088120,8698.75,8704.9,8693.1,8697.49,33.37564
2019-05-29 08:03,1559088180,8700.27,8700.64,8694.27,8698.9,11.992795
2019-05-29 08:04,1559088240,8699.09,8707.69,8699.06,8702.93,10.636658
2019-05-29 08:05,1559088300,8702.93,8702.93,8694.17,8702.7,15.22949
2019-05-29 08:06,1559088360,8702.59,8702.59,8696.0,8697.02,7.896571
2019-05-29 08:07,1559088420,8696.08,8697.26,8686.08,8693.79,19.613088
2019-05-29 08:08,1559088480,8694.37,8702.56,8692.67,8695.17,17.084919
2019-05-29 08:09,1559088540,8695.3,8698.02,8690.35,8696.84,10.438556
2019-05-29 08:10,1559088600,8694.5,8705.76,8694.5,8702.64,13.374017
2019-05-29 08:11,1559088660,8702.87,8705.69,8696.22,8703.7,12.681685
2019-05-29 08:12,1559088720,8703.7,8706.28,8701.39,8704.72,8.275728
2019-05-29 08:13,1559088780,8704.73,8706.61,8700.06,8703.32,11.095574
2019-05-29 08:14,1559088840,8701.05,8707.15,8700.1,8705.78,17.555362
2019-05-29 08:15,1559088900,8704.62,8707.01,8696.4,8702.98,10.938472
2019-05-29 08:16,1559088960,8701.54,8707.0,8699.24,8706.96,6.899359
2019-05-29 08:17,1559089020,8706.96,8707.0,8700.0,8700.01,10.976161
2019-05-29 08:18,1559089080,8701.49,8703.32,8696.35,8699.12,9.572389
2019-05-29 08:19,1559089140,8700.47,8700.47,8694.37,8697.85,8.368621
2019-05-29 08:20,1559089200,8697.89,8699.9,8686.63,8694.27,18.985458
2019-05-29 08:21,1559089260,8696.17,8697.77,8687.42,8693.71,29.430249
2019-05-29 08:22,1559089320,8693.71,8694.68,8687.7,8688.42,7.98418
2019-05-29 08:23,1559089380,8690.57,8693.1,8683.66,8684.95,12.492266
2019-05-29 08:24,1559089440,8684.95,8686.5,8677.0,8686.5,42.339304
2019-05-29 08:25,1559089500,8684.7,8686.47,8682.53,8684.45,5.278876
2019-05-29 08:26,1559089560,8683.46,8690.44,8680.03,8683.92,13.065928
2019-05-29 08:27,1559089620,8683.93,8686.76,8678.38,8681.82,11.228855
2019-05-29 08:28,1559089680,8681.98,8683.68,8676.74,8676.9,10.472676
2019-05-29 08:29,1559089740,8676.9,8677.0,8666.07,8671.26,36.566266
2019-05-29 08:30,1559089800,8671.64,8673.3,8660.23,8662.98,20.550355
2019-05-29 08:31,1559089860,8660.88,8676.39,8651.0,8666.73,54.690083
2019-05-29 08:32,1559089920,8663.55,8681.17,8663.55,8673.42,14.788406
2019-05-29 08:33,1559089980,8674.93,8689.98,8672.87,8686.68,11.355331
2019-05-29 08:34,1559090040,8686.85,8694.47,8685.24,8692.75,8.248562
2019-05-29 08:35,1559090100,8692.74,8699.97,8691.28,8692.53,10.534741
2019-05-29 08:36,1559090160,8695.06,8695.07,8687.95,8688.27,16.716823
2019-05-29 08:37,1559090220,8688.27,8695.51,8686.48,8689.66,11.748629
2019-05-29 08:38,1559090280,8689.53,8689.54,8682.17,8682.43,7.062748
2019-05-29 08:39,1559090340,8684.15,8689.85,8680.83,8687.1,5.547231
2019-05-29 08:40,1559090400,8687.17,8692.46,8679.0,8684.03,8.974009
2019-05-29 08:41,1559090460,8681.14,8684.44,8676.84,8676.95,8.698201
2019-05-29 08:42,1559090520,8679.25,8681.33,8675.12,8679.1,7.069829
2019-05-29 08:43,1559090580,8680.4,8683.76,8670.25,8675.31,12.330651
2019-05-29 08:44,1559090640,8675.02,8675.82,8655.1,8672.16,57.817784
2019-05-29 08:45,1559090700,8672.16,8679.43,8668.51,8678.6,15.091717
2019-05-29 08:46,1559090760,8678.6,8680.35,8661.05,8664.19,26.738241
2019-05-29 08:47,1559090820,8667.03,8680.58,8665.19,8671.96,12.026516
2019-05-29 08:48,1559090880,8670.05,8678.22,8668.75,8673.98,14.297488
2019-05-29 08:49,1559090940,8671.19,8675.87,8666.0,8666.43,11.223129
2019-05-29 08:50,1559091000,8668.17,8668.69,8660.02,8664.68,22.071068
2019-05-29 08:51,1559091060,8664.71,8674.17,8660.41,8674.01,38.899102
2019-05-29 08:52,1559091120,8673.83,8676.36,8664.98,8673.36,28.428935
2019-05-29 08:53,1559091180,8673.82,8680.24,8673.8,8679.9,18.786975
2019-05-29 08:54,1559091240,8678.51,8681.81,8676.88,8679.34,6.57845
2019-05-29 08:55,1559091300,8679.36,8685.29,8678.86,8683.11,16.302955
2019-05-29 08:56,1559091360,8683.18,8685.33,8676.7,8676.7,7.561433
2019-05-29 08:57,1559091420,8677.8,8685.35,8676.7,8683.53,12.551872
2019-05-29 08:58,1559091480,8683.53,8690.77,8678.24,8678.52,28.396073
2019-05-29 08:59,1559091540,8678.6,8682.55,8676.81,8679.67,5.108033
2019-05-29 09:00,1559091600,8679.69,8686.0,8677.23,8685.97,7.95469
2019-05-29 09:01,1559091660,8685.5,8685.52,8675.92,8684.31,16.762141
2019-05-29 09:02,1559091720,8680.78,8687.99,8680.78,8686.05,26.628658
2019-05-29 09:03,1559091780,8686.15,8689.75,8684.93,8688.89,7.736486
2019-05-29 09:04,1559091840,8688.75,8690.0,8685.4,8689.19,8.527269
2019-05-29 09:05,1559091900,8689.19,8707.39,8688.0,8695.1,87.970424
2019-05-29 09:06,1559091960,8694.7,8708.19,8692.1,8703.89,30.471848
2019-05-29 09:07,1559092020,8704.52,8710.0,8700.0,8707.02,27.662512
2019-05-29 09:08,1559092080,8707.13,8707.13,8696.2,8702.51,31.580817
2019-05-29 09:09,1559092140,8703.2,8704.53,8699.11,8699.91,8.43144
2019-05-29 09:10,1559092200,8699.91,8700.0,8694.69,8698.02,7.652219
2019-05-29 09:11,1559092260,8698.97,8698.97,8694.73,8698.93,8.824444
2019-05-29 09:12,1559092320,8697.55,8705.38,8696.66,8703.98,19.593986
2019-05-29 09:13,1559092380,8705.39,8708.41,8704.13,8708.39,9.959971
2019-05-29 09:14,1559092440,8708.41,8708.41,8697.2,8699.92,16.831131
2019-05-29 09:15,1559092500,8699.97,8702.5,8697.56,8700.21,9.598136
2019-05-29 09:16,1559092560,8700.41,8702.49,8699.98,8701.24,5.971379
2019-05-29 09:17,1559092620,8702.2,8702.21,8699.98,8701.72,8.790934
2019-05-29 09:18,1559092680,8701.72,8706.22,8700.35,8700.36,13.912544
2019-05-29 09:19,1559092740,8702.45,8706.09,8691.22,8693.88,17.122796
2019-05-29 09:20,1559092800,8692.39,8693.86,8689.18,8690.0,18.180713
2019-05-29 09:21,1559092860,8690.0,8698.88,8688.53,8698.44,17.500042
2019-05-29 09:22,1559092920,8699.72,8704.0,8696.91,8703.07,12.82904
2019-05-29 09:23,1559092980,8703.31,8708.38,8701.31,8705.66,12.294298
2019-05-29 09:24,1559093040,8705.54,8705.89,8697.12,8702.53,10.863525
2019-05-29 09:25,1559093100,8702.53,8704.4,8689.18,8689.18,18.34818
2019-05-29 09:26,1559093160,8688.52,8696.85,8687.05,8692.98,9.248362
2019-05-29 09:27,1559093220,8692.16,8692.97,8684.24,8692.31,12.36035
2019-05-29 09:28,1559093280,8690.27,8693.57,8687.85,8690.0,32.944826
2019-05-29 09:29,1559093340,8690.9,8691.69,8680.05,8685.53,12.811128
2019-05-29 09:30,1559093400,8686.29,8687.83,8670.69,8670.69,16.098284
2019-05-29 09:31,1559093460,8670.69,8682.48,8669.23,8678.5,22.998398
2019-05-29 09:32,1559093520,8678.3,8681.79,8670.6,8675.85,5.915302
2019-05-29 09:33,1559093580,8672.8,8678.0,8670.65,8675.45,7.328614
2019-05-29 09:34,1559093640,8675.26,8678.46,8668.71,8675.23,17.330695
2019-05-29 09:35,1559093700,8675.21,8686.33,8672.72,8683.5,16.346386
2019-05-29 09:36,1559093760,8684.49,8693.25,8679.98,8682.81,31.34815
2019-05-29 09:37,1559093820,8683.02,8689.21,8680.99,8683.58,7.030148
2019-05-29 09:38,1559093880,8683.56,8686.05,8679.1,8682.25,16.374314
2019-05-29 09:39,1559093940,8679.01,8682.83,8676.46,8680.13,12.357442
2019-05-29 09:40,1559094000,8681.57,8685.0,8680.2,8685.0,11.148857
2019-05-29 09:41,1559094060,8683.18,8690.0,8683.18,8689.9,6.682654
2019-05-29 09:42,1559094120,8689.9,8689.93,8679.67,8681.8,17.554178
2019-05-29 09:43,1559094180,8683.04,8683.16,8676.82,8678.41,9.116558
2019-05-29 09:44,1559094240,8677.91,8681.17,8676.46,8679.29,8.154734
2019-05-29 09:45,1559094300,8679.31,8684.12,8676.74,8677.81,10.813606
2019-05-29 09:46,1559094360,8679.86,8686.48,8677.88,8678.02,10.80935
2019-05-29 09:47,1559094420,8680.09,8682.88,8678.01,8680.02,6.151317
2019-05-29 09:48,1559094480,8679.27,8680.4,8676.41,8677.45,7.980357
2019-05-29 09:49,1559094540,8677.46,8679.94,8676.75,8679.32,8.650732
2019-05-29 09:50,1559094600,8676.98,8679.92,8676.98,8679.79,6.289746
2019-05-29 09:51,1559094660,8679.92,8684.97,8677.89,8678.4,31.429063
2019-05-29 09:52,1559094720,8681.63,8681.64,8674.03,8675.94,8.418434
2019-05-29 09:53,1559094780,8675.7,8680.98,8672.33,8680.0,7.436186
2019-05-29 09:54,1559094840,8680.0,8680.96,8666.27,8668.16,23.81982
2019-05-29 09:55,1559094900,8668.09,8672.41,8666.0,8666.54,9.849161
2019-05-29 09:56,1559094960,8666.68,8670.71,8666.0,8666.0,41.187059
2019-05-29 09:57,1559095020,8666.0,8666.83,8653.9,8655.69,25.349624
2019-05-29 09:58,1559095080,8655.18,8658.6,8652.0,8652.0,36.112317
2019-05-29 09:59,1559095140,8651.99,8657.62,8650.03,8655.67,12.88483
2019-05-29 10:00,1559095200,8655.87,8656.32,8650.0,8653.02,23.889874
2019-05-29 10:01,1559095260,8654.05,8655.14,8641.25,8641.25,49.2401
2019-05-29 10:02,1559095320,8643.04,8655.08,8640.0,8652.75,74.05386
2019-05-29 10:03,1559095380,8652.75,8654.59,8648.39,8652.33,19.252337
2019-05-29 10:04,1559095440,8650.81,8655.0,8644.97,8650.0,36.680087
2019-05-29 10:05,1559095500,8649.03,8664.22,8646.42,8660.43,35.283207
2019-05-29 10:06,1559095560,8659.95,8665.0,8659.01,8660.55,29.558945
2019-05-29 10:07,1559095620,8663.79,8667.81,8661.51,8667.56,18.557722
2019-05-29 10:08,1559095680,8665.01,8669.59,8661.0,8666.35,14.688334
2019-05-29 10:09,1559095740,8668.22,8669.21,8662.69,8664.85,8.944235
2019-05-29 10:10,1559095800,8664.08,8666.12,8660.04,8661.87,12.519277
2019-05-29 10:11,1559095860,8660.0,8661.72,8655.82,8659.19,24.666498
2019-05-29 10:12,1559095920,8657.96,8659.88,8655.0,8656.0,12.845139
2019-05-29 10:13,1559095980,8656.52,8656.64,8650.0,8650.02,8.414761
2019-05-29 10:14,1559096040,8651.26,8652.94,8645.8,8652.1,21.10856
2019-05-29 10:15,1559096100,8650.08,8652.01,8642.05,8644.32,16.317026
2019-05-29 10:16,1559096160,8644.32,8645.0,8638.8,8638.8,30.611756
2019-05-29 10:17,1559096220,8638.98,8639.0,8625.33,8633.92,64.182968
2019-05-29 10:18,1559096280,8632.47,8654.91,8631.98,8651.11,32.83481
2019-05-29 10:19,1559096340,8649.95,8658.36,8648.14,8656.01,11.181447
2019-05-29 10:20,1559096400,8656.01,8658.15,8651.01,8657.93,14.253956
2019-05-29 10:21,1559096460,8654.94,8663.97,8653.05,8661.17,10.917315
2019-05-29 10:22,1559096520,8659.21,8661.62,8651.04,8651.04,16.524081
2019-05-29 10:23,1559096580,8651.02,8655.53,8645.95,8652.04,17.199359
2019-05-29 10:24,1559096640,8652.52,8652.52,8640.74,8643.73,12.353576
2019-05-29 10:25,1559096700,8640.74,8645.2,8632.91,8638.5,21.71732
2019-05-29 10:26,1559096760,8638.54,8649.19,8636.4,8641.72,21.046218
2019-05-29 10:27,1559096820,8638.05,8641.43,8628.75,8629.03,18.794811
2019-05-29 10:28,1559096880,8628.59,8629.46,8620.0,8623.24,58.135871
2019-05-29 10:29,1559096940,8623.23,8627.67,8618.66,8620.62,53.542152
2019-05-29 10:30,1559097000,8618.44,8620.6,8611.0,8620.53,39.729536
2019-05-29 10:31,1559097060,8620.34,8633.01,8614.36,8627.14,31.512568
